26:
(11713,13448)(-191712,-38364)(-8504,22138)(4619,-35177)(92495,-39193)(-133,12964)(9047,2634)(204756,-195599)(-7099,8151)(-18223,-45783)(5238,101447)(14701,141891)(8914,108611)(-122945,-19363)(-398,-1207)(372,124862)(-32489,66505)(6059,25295)(-2465,28887)(-84239,39230)(-27893,-20741)(-69969,27293)(43326,29383)(26397,226741)(73332,-33331)(120134,-93838)

26:
(25804,-42493)(147227,-202204)(1804,141)(12476,-13424)(-20789,217372)(4027,54369)(-32178,100498)(36392,22009)(27347,-25192)(-969,-27059)(-10020,5381)(13857,2190)(-17610,133067)(19540,19887)(-4516,-10046)(-123788,17888)(20008,-6181)(79559,-39129)(-236216,43261)(52620,-14994)(-4788,37188)(179970,-79153)(354,33475)(-87438,-47007)(-207946,-181231)(-102449,5049)

26:
(-1317,625)(-57290,41809)(5770,-46080)(27957,9921)(207267,-175700)(-10251,-4343)(22440,34550)(15871,213)(132987,145979)(-24889,53226)(-16996,20990)(7712,-7515)(59539,3709)(72452,78037)(-23349,10828)(77,5514)(-218587,-220829)(-105608,38676)(-129106,162371)(24881,-10225)(-232366,200029)(-38382,8525)(18893,16312)(63464,-33301)(-96180,-96300)(50406,-61676)

26:
(10029,47390)(102191,-35525)(-23547,-63602)(-20069,-9386)(230955,-85771)(-303,-2262)(26952,16962)(-223716,205391)(-9433,-14039)(-26045,17391)(35891,11985)(28020,204664)(55500,55038)(-93551,22211)(-3846,8488)(-119793,-128815)(1926,-22401)(-89600,-64488)(56018,-12495)(68943,6643)(18262,-1276)(21114,-10650)(-24724,-25869)(-204214,-210578)(76720,73408)(242557,243898)

26:
(-16180,-2460)(70432,120666)(7127,-9744)(-1505,282)(58859,-97836)(-37881,47880)(94631,-213428)(23069,-9673)(58701,-125389)(132835,226180)(-15815,62465)(-86856,222899)(68465,-48141)(24489,-68770)(1611,7792)(-10986,19084)(19512,26940)(-16162,157789)(-9989,-46916)(-7142,74207)(-3381,16357)(-34100,86966)(2162,42995)(-208384,-144332)(-100591,89706)(-223141,195629)

26:
(-132600,-26428)(22913,-111245)(8752,-30276)(223,12679)(-6256,-2194)(-16423,-15083)(-1955,2728)(-41776,23540)(-175248,-7076)(7385,-35374)(145408,-227520)(-103792,-53303)(15857,-17637)(-218040,1498)(8381,21084)(-8004,12561)(22834,-5566)(-154046,-14600)(-19952,2644)(66249,-147944)(22853,-43124)(-22739,66678)(-31209,122339)(-8584,43292)(44540,196951)(18583,95147)

26:
(5823,-8117)(-28119,7045)(8468,-108048)(-4442,40751)(-96639,-98717)(-6,-10239)(53753,-29228)(-1076,267)(741,-46181)(-8229,-53059)(8272,-156082)(-15306,-119498)(19680,-231579)(1805,-13198)(9224,-66472)(-8399,-18880)(9283,63933)(23131,-106985)(78041,202391)(2194,3160)(27482,-40438)(9263,17843)(227019,-100953)(-39661,157550)(-192993,-232984)(-55388,227690)

