1:
(0,0)
2:
(0,0)(-3736,1120)
3:
(0,0)(-3736,1120)(17532,9453)
4:
(0,0)(-3736,1120)(17532,9453)(-18456,-18292)
5:
(0,0)(-3736,1120)(17532,9453)(-18456,-18292)(36077,-16765)
6:
(0,0)(-3736,1120)(17532,9453)(-18456,-18292)(36077,-16765)(31909,-1179)
7:
(0,0)(-3736,1120)(17532,9453)(-18456,-18292)(36077,-16765)(31909,-1179)(-27542,10317)
8:
(0,0)(-3736,1120)(17532,9453)(-18456,-18292)(36077,-16765)(31909,-1179)(-27542,10317)(-62454,8165)
9:
(0,0)(-3736,1120)(17532,9453)(-18456,-18292)(36077,-16765)(31909,-1179)(-27542,10317)(-62454,8165)(22328,75964)
10:
(0,0)(-3736,1120)(17532,9453)(-18456,-18292)(36077,-16765)(31909,-1179)(-27542,10317)(-62454,8165)(22328,75964)(63180,16916)
11:
(0,0)(-3736,1120)(17532,9453)(-18456,-18292)(36077,-16765)(31909,-1179)(-27542,10317)(-62454,8165)(22328,75964)(63180,16916)(24527,82233)
12:
(0,0)(-3736,1120)(17532,9453)(-18456,-18292)(36077,-16765)(31909,-1179)(-27542,10317)(-62454,8165)(22328,75964)(63180,16916)(24527,82233)(-96887,-24032)
13:
(0,0)(-3736,1120)(17532,9453)(-18456,-18292)(36077,-16765)(31909,-1179)(-27542,10317)(-62454,8165)(22328,75964)(63180,16916)(24527,82233)(-96887,-24032)(105078,38739)
14:
(0,0)(-3736,1120)(17532,9453)(-18456,-18292)(36077,-16765)(31909,-1179)(-27542,10317)(-62454,8165)(22328,75964)(63180,16916)(24527,82233)(-96887,-24032)(105078,38739)(99845,-27857)
15:
(0,0)(-3736,1120)(17532,9453)(-18456,-18292)(36077,-16765)(31909,-1179)(-27542,10317)(-62454,8165)(22328,75964)(63180,16916)(24527,82233)(-96887,-24032)(105078,38739)(99845,-27857)(-38557,-6006)
16:
(0,0)(-3736,1120)(17532,9453)(-18456,-18292)(36077,-16765)(31909,-1179)(-27542,10317)(-62454,8165)(22328,75964)(63180,16916)(24527,82233)(-96887,-24032)(105078,38739)(99845,-27857)(-38557,-6006)(108611,-44529)
17:
(0,0)(-3736,1120)(17532,9453)(-18456,-18292)(36077,-16765)(31909,-1179)(-27542,10317)(-62454,8165)(22328,75964)(63180,16916)(24527,82233)(-96887,-24032)(105078,38739)(99845,-27857)(-38557,-6006)(108611,-44529)(34578,138798)
18:
(0,0)(-3736,1120)(17532,9453)(-18456,-18292)(36077,-16765)(31909,-1179)(-27542,10317)(-62454,8165)(22328,75964)(63180,16916)(24527,82233)(-96887,-24032)(105078,38739)(99845,-27857)(-38557,-6006)(108611,-44529)(34578,138798)(162404,-144824)
18:
(0,0)(-8232,-2008)(-5293,10220)(-24882,23537)(1934,-31684)(-14966,29627)(20646,29299)(-38106,-1307)(-5294,-12976)(37296,88056)(-87638,-58684)(-38601,45262)(49804,8869)(-85727,-30376)(-132027,-138688)(125252,48262)(-145940,-26299)(-101569,-97492)
19:
(0,0)(-8232,-2008)(-5293,10220)(-24882,23537)(1934,-31684)(-14966,29627)(20646,29299)(-38106,-1307)(-5294,-12976)(37296,88056)(-87638,-58684)(-38601,45262)(49804,8869)(-85727,-30376)(-132027,-138688)(125252,48262)(-145940,-26299)(-101569,-97492)(83237,172658)
19:
(0,0)(-6373,-5467)(2576,17722)(6804,24509)(35595,21454)(14023,17225)(-46511,-4203)(31259,-40553)(52350,-13105)(-52887,75372)(94335,67563)(55540,40838)(58551,-80977)(129718,21804)(-70022,105798)(-128947,-2398)(-42068,27331)(22230,53482)(70178,1665)
19:
(0,0)(-7883,5935)(-10494,10916)(-6745,-12065)(9721,23673)(-3285,24794)(-17439,-57230)(15003,35869)(-68755,-28521)(-11173,86115)(-13929,-30509)(58855,-73020)(-112168,-29228)(-7957,98660)(105054,-116710)(2656,-27820)(-146297,-55234)(-20432,53833)(-13622,-13449)
20:
(0,0)(-7883,5935)(-10494,10916)(-6745,-12065)(9721,23673)(-3285,24794)(-17439,-57230)(15003,35869)(-68755,-28521)(-11173,86115)(-13929,-30509)(58855,-73020)(-112168,-29228)(-7957,98660)(105054,-116710)(2656,-27820)(-146297,-55234)(-20432,53833)(-13622,-13449)(-90966,-22563)
20:
(0,0)(-2117,3068)(15688,11837)(-18961,25871)(29157,27970)(9668,17173)(-21057,-55832)(-22842,-1267)(33973,12521)(67398,-74306)(-89329,-88320)(-4925,77480)(66061,50524)(38603,-35424)(89352,22669)(999,135288)(-59163,-73653)(53496,22039)(159622,35896)(114952,38797)
20:
(0,0)(-7777,9098)(-18474,7951)(26776,18551)(-24845,32803)(-30936,-13137)(58090,17994)(55554,-21416)(70270,55169)(-77159,-84675)(-96825,27398)(57590,46142)(-51767,-11794)(-110056,-14087)(-138236,-122142)(149521,65772)(20507,-2787)(69781,-15824)(1490,-44381)(-186804,98667)
20:
(0,0)(7688,-78)(1549,8625)(-17813,-28203)(-9859,11123)(70,-25015)(-22476,-8499)(19580,-62537)(6777,35007)(-14753,31431)(11179,-39837)(-75746,85027)(-113096,-72605)(65562,-17570)(-30811,129055)(135136,-34359)(-57444,-17841)(-90100,140365)(17949,14634)(-24607,-45263)
20:
(0,0)(297,-8445)(-572,10258)(13417,12344)(-34452,-22352)(17606,-18420)(42342,-20701)(-34001,66829)(29925,-48548)(42696,66978)(-44031,88719)(42284,-101193)(65402,-94095)(111225,125571)(-15492,5762)(-90893,-16211)(27226,-5620)(35778,-49878)(23791,-47689)(-169124,-184244)
20:
(0,0)(1805,2756)(-1597,3265)(28055,8665)(-34386,-22154)(8841,-35761)(11043,-8877)(-54138,-65907)(20996,-10170)(85749,-49365)(-52213,77263)(26661,-42159)(53888,26477)(-94723,-29246)(28454,-30758)(-48811,-54442)(-2762,11779)(72766,-36699)(148142,-84061)(-161157,-189243)
20:
(0,0)(-2044,-8765)(-8928,-19560)(12512,-18499)(-20452,-23335)(-32750,38724)(17792,-24243)(47251,42025)(54293,37602)(13264,697)(30028,86482)(39875,-82949)(34937,55831)(80601,30831)(13838,-13755)(19660,-14886)(41978,-36299)(-22097,-8798)(92979,-175189)(-153248,52987)
20:
(0,0)(-5324,-7667)(13210,7217)(9115,-11363)(-38233,-32789)(-35287,-11769)(-59195,-29125)(31537,-64204)(62370,-17221)(-81230,-44557)(-98560,8205)(-90371,14346)(-47158,75868)(68548,-82517)(-52827,64937)(-63208,48013)(21856,-7948)(136686,21370)(10919,3200)(20749,7015)
20:
(0,0)(-3873,-2829)(-16146,6074)(-19441,958)(-20571,4352)(7406,-33199)(44066,44605)(-36566,-8956)(50186,-27069)(3019,74721)(-30265,-95574)(8854,66773)(-74908,9037)(-119331,-15811)(104865,-40532)(-21963,141433)(26739,-6306)(116605,85016)(-26575,-79000)(-64013,15354)
20:
(0,0)(-5388,8143)(-16008,-477)(-27938,24146)(-3688,-37853)(-41034,-10894)(-52094,9468)(20086,-48493)(66626,-73787)(29480,-63502)(-63461,-27275)(79809,51713)(68782,8373)(-45522,87895)(3701,-100360)(111666,147732)(-139356,-2726)(-110329,22942)(-21677,49399)(-90533,189837)
21:
(0,0)(-5388,8143)(-16008,-477)(-27938,24146)(-3688,-37853)(-41034,-10894)(-52094,9468)(20086,-48493)(66626,-73787)(29480,-63502)(-63461,-27275)(79809,51713)(68782,8373)(-45522,87895)(3701,-100360)(111666,147732)(-139356,-2726)(-110329,22942)(-21677,49399)(-90533,189837)(73640,29563)
21:
(-63461,-27275)(111666,147732)(-27938,24146)(20086,-48493)(66626,-73787)(-5388,8143)(-45522,87895)(-139356,-2726)(-16008,-477)(73640,29563)(-52094,9468)(0,0)(-21677,49399)(-3688,-37853)(79809,51713)(-41034,-10894)(-110329,22942)(29480,-63502)(409,-154281)(-91848,182955)(71399,10525)
22:
(-63461,-27275)(111666,147732)(-27938,24146)(20086,-48493)(66626,-73787)(-5388,8143)(-45522,87895)(-139356,-2726)(-16008,-477)(73640,29563)(-52094,9468)(0,0)(-21677,49399)(-3688,-37853)(79809,51713)(-41034,-10894)(-110329,22942)(29480,-63502)(409,-154281)(-91848,182955)(71399,10525)(-2805,-134251)
22:
(-5388,8143)(-3688,-37853)(0,0)(66626,-73787)(-91848,182955)(79809,51713)(20086,-48493)(-21677,49399)(-16008,-477)(-2805,-134251)(-27938,24146)(-45522,87895)(-110329,22942)(409,-154281)(-41034,-10894)(71399,10525)(-52094,9468)(73640,29563)(29480,-63502)(-69029,-32877)(118453,179556)(-203227,6682)
22:
(66626,-73787)(-45522,87895)(-52094,9468)(-203227,6682)(71399,10525)(-5388,8143)(-3688,-37853)(-27938,24146)(-21677,49399)(-16008,-477)(20086,-48493)(-41034,-10894)(-2805,-134251)(0,0)(-69029,-32877)(-91848,182955)(29480,-63502)(79809,51713)(409,-154281)(93287,75244)(129479,125512)(-131509,28506)
22:
(29480,-63502)(-27938,24146)(-69029,-32877)(71399,10525)(-16008,-477)(-41034,-10894)(20086,-48493)(-52094,9468)(0,0)(-3688,-37853)(409,-154281)(-5388,8143)(79809,51713)(-91848,182955)(-2805,-134251)(93287,75244)(-203227,6682)(66626,-73787)(-31109,67796)(142555,156408)(-121274,24782)(-47297,91842)
22:
(-27938,24146)(-69029,-32877)(79809,51713)(-3688,-37853)(0,0)(-16008,-477)(-52094,9468)(-5388,8143)(142555,156408)(-31109,67796)(-91848,182955)(29480,-63502)(66626,-73787)(71399,10525)(-47297,91842)(-41034,-10894)(93287,75244)(20086,-48493)(-121274,24782)(-2305,-183878)(-196664,-2444)(-10607,-140227)
22:
(-31109,67796)(71399,10525)(93287,75244)(-52094,9468)(-121274,24782)(-27938,24146)(-41034,-10894)(-2305,-183878)(-5388,8143)(-16008,-477)(79809,51713)(0,0)(-47297,91842)(-91848,182955)(66626,-73787)(29480,-63502)(20086,-48493)(-3688,-37853)(-69029,-32877)(154371,163355)(-176449,-19075)(-9862,-137049)
22:
(-16008,-477)(-3688,-37853)(-41034,-10894)(20086,-48493)(-9862,-137049)(-69029,-32877)(-5388,8143)(0,0)(29480,-63502)(-91848,182955)(-27938,24146)(-121274,24782)(66626,-73787)(-52094,9468)(-176449,-19075)(71399,10525)(-31109,67796)(79809,51713)(-2305,-183878)(121310,186377)(88404,80985)(-68057,130452)
22:
(71399,10525)(-27938,24146)(-3688,-37853)(-16008,-477)(-69029,-32877)(-41034,-10894)(-5388,8143)(-9862,-137049)(0,0)(88404,80985)(20086,-48493)(79809,51713)(66626,-73787)(-31109,67796)(-2305,-183878)(-91848,182955)(29480,-63502)(-52094,9468)(-163452,-15367)(135280,126528)(-43630,78557)(-101891,18229)
23:
(71399,10525)(-27938,24146)(-3688,-37853)(-16008,-477)(-69029,-32877)(-41034,-10894)(-5388,8143)(-9862,-137049)(0,0)(88404,80985)(20086,-48493)(79809,51713)(66626,-73787)(-31109,67796)(-2305,-183878)(-91848,182955)(29480,-63502)(-52094,9468)(-163452,-15367)(135280,126528)(-43630,78557)(-101891,18229)(-197984,-18645)
23:
(-9862,-137049)(-69029,-32877)(-91848,182955)(-3688,-37853)(-16008,-477)(-5388,8143)(135280,126528)(-27938,24146)(88404,80985)(-41034,-10894)(-2305,-183878)(-52094,9468)(-163452,-15367)(-101891,18229)(29480,-63502)(-31109,67796)(-197984,-18645)(0,0)(-43630,78557)(66626,-73787)(20697,-46597)(74114,43343)(64849,4514)
23:
(-9862,-137049)(-3688,-37853)(-27938,24146)(-41034,-10894)(-69029,-32877)(29480,-63502)(-5388,8143)(20086,-48493)(-16008,-477)(-52094,9468)(-163452,-15367)(66626,-73787)(135280,126528)(-43630,78557)(88404,80985)(-2305,-183878)(0,0)(-31109,67796)(-91848,182955)(69329,17236)(73533,42090)(-100969,16953)(-191552,-18004)
23:
(88404,80985)(-52094,9468)(-91848,182955)(-16008,-477)(-41034,-10894)(66626,-73787)(-3688,-37853)(0,0)(29480,-63502)(-5388,8143)(-27938,24146)(79809,51713)(71399,10525)(20086,-48493)(-69029,-32877)(-9862,-137049)(-197984,-18645)(135280,126528)(-101891,18229)(-8473,-181964)(-51857,117595)(-164409,-16000)(-72573,142305)
23:
(-5388,8143)(-16008,-477)(-43630,78557)(-27938,24146)(88404,80985)(66626,-73787)(0,0)(29480,-63502)(-3688,-37853)(-101891,18229)(-52094,9468)(-163452,-15367)(20697,-46597)(-31109,67796)(-41034,-10894)(-69029,-32877)(-197984,-18645)(74114,43343)(-9862,-137049)(125268,132869)(-62633,125963)(4803,-206549)(69236,5628)
23:
(-69029,-32877)(-31109,67796)(135280,126528)(-52094,9468)(-2305,-183878)(-41034,-10894)(-3688,-37853)(-43630,78557)(-91848,182955)(-100969,16953)(-27938,24146)(-16008,-477)(-5388,8143)(-9862,-137049)(20086,-48493)(0,0)(-163452,-15367)(-191552,-18004)(29480,-63502)(127467,83690)(163193,45948)(142001,58742)(212134,36236)
23:
(-16008,-477)(20086,-48493)(0,0)(-52094,9468)(-100969,16953)(127467,83690)(-41034,-10894)(-191552,-18004)(142001,58742)(163193,45948)(-5388,8143)(29480,-63502)(-69029,-32877)(-27938,24146)(-3688,-37853)(-31109,67796)(135280,126528)(-43630,78557)(-163452,-15367)(-2305,-183878)(-81234,152519)(-2909,-136426)(213662,17951)
23:
(0,0)(-31109,67796)(-5388,8143)(29480,-63502)(163193,45948)(142001,58742)(-3688,-37853)(-41034,-10894)(-16008,-477)(-52094,9468)(213662,17951)(-191552,-18004)(-69029,-32877)(-163452,-15367)(-27938,24146)(-2909,-136426)(-2305,-183878)(127467,83690)(-100969,16953)(-43630,78557)(147688,136747)(-94627,181850)(18778,-45944)
23:
(-69029,-32877)(-27938,24146)(88404,80985)(-41034,-10894)(0,0)(-197984,-18645)(-5388,8143)(-51857,117595)(135280,126528)(-16008,-477)(-52094,9468)(-3688,-37853)(29480,-63502)(66626,-73787)(79809,51713)(20086,-48493)(-91848,182955)(-9862,-137049)(-101891,18229)(-55962,121161)(-148872,-14851)(918,-201264)(77146,31738)
23:
(-55962,121161)(-51857,117595)(66626,-73787)(77146,31738)(-3688,-37853)(-197984,-18645)(-91848,182955)(20086,-48493)(-16008,-477)(-5388,8143)(0,0)(29480,-63502)(-27938,24146)(-52094,9468)(88404,80985)(-41034,-10894)(-101891,18229)(-69029,-32877)(79809,51713)(918,-201264)(115856,168050)(-143690,-14031)(-6695,-152366)
23:
(77146,31738)(-5388,8143)(-52094,9468)(-41034,-10894)(-16008,-477)(0,0)(-91848,182955)(-6695,-152366)(20086,-48493)(-3688,-37853)(-27938,24146)(-69029,-32877)(66626,-73787)(79809,51713)(-51857,117595)(-143690,-14031)(29480,-63502)(-55962,121161)(-101891,18229)(-197984,-18645)(178575,181961)(91123,74841)(-10924,-133799)
23:
(29480,-63502)(-16008,-477)(-69029,-32877)(-41034,-10894)(-27938,24146)(-101891,18229)(-3688,-37853)(20086,-48493)(-91848,182955)(0,0)(-5388,8143)(-52094,9468)(-143690,-14031)(-10924,-133799)(-55962,121161)(-197984,-18645)(-51857,117595)(66626,-73787)(79809,51713)(91123,74841)(131581,146266)(74761,9353)(5645,-206093)
23:
(-52094,9468)(-101891,18229)(-16008,-477)(-55962,121161)(5645,-206093)(-51857,117595)(-69029,-32877)(-41034,-10894)(-27938,24146)(-91848,182955)(-3688,-37853)(74761,9353)(-5388,8143)(-143690,-14031)(29480,-63502)(0,0)(20086,-48493)(79809,51713)(91123,74841)(66626,-73787)(178529,197601)(-6839,-139872)(-190087,-21186)
23:
(-51857,117595)(79809,51713)(-27938,24146)(5645,-206093)(66626,-73787)(29480,-63502)(91123,74841)(-101891,18229)(-5388,8143)(-91848,182955)(-16008,-477)(74761,9353)(-52094,9468)(0,0)(-55962,121161)(-3688,-37853)(-41034,-10894)(-69029,-32877)(-6839,-139872)(20086,-48493)(192923,164554)(-207264,-5022)(-160996,-4986)
23:
(88404,80985)(20086,-48493)(135280,126528)(-27938,24146)(-3688,-37853)(-5388,8143)(-16008,-477)(29480,-63502)(-101891,18229)(-69029,-32877)(0,0)(-91848,182955)(-52094,9468)(79809,51713)(-41034,-10894)(66626,-73787)(-9862,-137049)(73800,23403)(-51857,117595)(-74285,143018)(-172226,-14364)(-14170,-206295)(-209996,-21150)
23:
(-16008,-477)(-5388,8143)(-69029,-32877)(-209996,-21150)(-52094,9468)(-27938,24146)(88404,80985)(20086,-48493)(-74285,143018)(-41034,-10894)(29480,-63502)(-3688,-37853)(-9862,-137049)(-14170,-206295)(-51857,117595)(0,0)(79809,51713)(73800,23403)(-101891,18229)(66626,-73787)(117577,146825)(-105979,208829)(-140243,-12503)
23:
(-3688,-37853)(-5388,8143)(20086,-48493)(-14170,-206295)(-101891,18229)(-9862,-137049)(-41034,-10894)(-16008,-477)(66626,-73787)(88404,80985)(-52094,9468)(0,0)(-69029,-32877)(29480,-63502)(73800,23403)(-27938,24146)(79809,51713)(-51857,117595)(117577,146825)(-209996,-21150)(-93790,197413)(-150990,-12301)(-61147,133073)
23:
(74114,43343)(-101891,18229)(-5388,8143)(-16008,-477)(66626,-73787)(-197984,-18645)(-69029,-32877)(-52094,9468)(20697,-46597)(-62633,125963)(0,0)(-31109,67796)(-27938,24146)(-41034,-10894)(-3688,-37853)(29480,-63502)(125268,132869)(-9862,-137049)(4803,-206549)(-41898,85317)(80770,73985)(-150150,-14668)(71544,30474)
23:
(20697,-46597)(74114,43343)(-31109,67796)(29480,-63502)(-41034,-10894)(-27938,24146)(-5388,8143)(-163452,-15367)(-16008,-477)(-3688,-37853)(-62633,125963)(4803,-206549)(0,0)(125268,132869)(-52094,9468)(-69029,-32877)(88404,80985)(-9862,-137049)(66626,-73787)(76108,51517)(-91740,198677)(-114971,14768)(-214495,-18069)
23:
(-16008,-477)(0,0)(74114,43343)(-41034,-10894)(-27938,24146)(-31109,67796)(66626,-73787)(-5388,8143)(-43630,78557)(-52094,9468)(29480,-63502)(-3688,-37853)(4803,-206549)(155267,107834)(20697,-46597)(-200681,-20784)(-9862,-137049)(69236,5628)(-69029,-32877)(-124187,14278)(-81259,162363)(69911,24126)(-166740,-16615)
23:
(20697,-46597)(-31109,67796)(29480,-63502)(-3688,-37853)(-200681,-20784)(0,0)(-41034,-10894)(69236,5628)(-5388,8143)(-124187,14278)(-69029,-32877)(-16008,-477)(66626,-73787)(-52094,9468)(155267,107834)(4803,-206549)(-27938,24146)(-81259,162363)(69911,24126)(-9862,-137049)(81480,43732)(-139844,-14703)(-67920,132621)
23:
(-5388,8143)(-200681,-20784)(-16008,-477)(-3688,-37853)(-67920,132621)(-52094,9468)(-41034,-10894)(20697,-46597)(-9862,-137049)(29480,-63502)(-69029,-32877)(-139844,-14703)(-27938,24146)(0,0)(-124187,14278)(66626,-73787)(-31109,67796)(4803,-206549)(69236,5628)(155267,107834)(-76026,149334)(85279,47569)(74887,28779)
23:
(-191552,-18004)(-41034,-10894)(29480,-63502)(-27938,24146)(-3688,-37853)(-43630,78557)(-16008,-477)(-69029,-32877)(-52094,9468)(135280,126528)(-2305,-183878)(0,0)(-31109,67796)(-5388,8143)(-100969,16953)(163193,45948)(-9862,-137049)(212134,36236)(127467,83690)(148845,54011)(-70820,140321)(-160132,-15317)(18170,-43983)
23:
(-52094,9468)(-16008,-477)(127467,83690)(0,0)(148845,54011)(135280,126528)(-69029,-32877)(29480,-63502)(-100969,16953)(-5388,8143)(-191552,-18004)(-41034,-10894)(163193,45948)(-3688,-37853)(-9862,-137049)(18170,-43983)(212134,36236)(-2305,-183878)(-27938,24146)(-31109,67796)(-51475,89378)(-79000,139229)(-157122,-16326)
23:
(213662,17951)(-163452,-15367)(-2909,-136426)(-191552,-18004)(-16008,-477)(-41034,-10894)(-31109,67796)(-27938,24146)(-100969,16953)(0,0)(-43630,78557)(-52094,9468)(-5388,8143)(-3688,-37853)(-94627,181850)(142001,58742)(-69029,-32877)(163193,45948)(29480,-63502)(173549,137825)(185851,167100)(35,-195483)(19299,-48372)
23:
(-31109,67796)(-69029,-32877)(-41034,-10894)(-163452,-15367)(163193,45948)(-3688,-37853)(-52094,9468)(0,0)(29480,-63502)(-27938,24146)(-94627,181850)(-43630,78557)(-16008,-477)(-5388,8143)(142001,58742)(213662,17951)(-100969,16953)(173549,137825)(19299,-48372)(-2909,-136426)(194502,179765)(9074,-194943)(-182878,-18364)
23:
(0,0)(-27938,24146)(-3688,-37853)(-51857,117595)(-69029,-32877)(-41034,-10894)(29480,-63502)(-52094,9468)(-16008,-477)(-148872,-14851)(66626,-73787)(-101891,18229)(-9862,-137049)(-91848,182955)(79809,51713)(918,-201264)(-197984,-18645)(-5388,8143)(-55962,121161)(108075,115777)(189018,146560)(71916,10163)(19369,-45137)
23:
(0,0)(-91848,182955)(66626,-73787)(-5388,8143)(-197984,-18645)(-69029,-32877)(-3688,-37853)(-41034,-10894)(-52094,9468)(-16008,-477)(-101891,18229)(79809,51713)(-27938,24146)(-55962,121161)(-51857,117595)(108075,115777)(-9862,-137049)(-148872,-14851)(29480,-63502)(19369,-45137)(162876,124481)(-8540,-145346)(73719,22247)
23:
(73719,22247)(0,0)(-69029,-32877)(19369,-45137)(-91848,182955)(79809,51713)(162876,124481)(-16008,-477)(-41034,-10894)(-5388,8143)(29480,-63502)(-27938,24146)(-3688,-37853)(-52094,9468)(-148872,-14851)(-51857,117595)(66626,-73787)(-9862,-137049)(-101891,18229)(-197984,-18645)(3327,-193695)(-76343,149364)(116794,119047)
23:
(29480,-63502)(0,0)(-69029,-32877)(-3688,-37853)(135280,126528)(-5388,8143)(77146,31738)(-41034,-10894)(66626,-73787)(-16008,-477)(-51857,117595)(-55962,121161)(-91848,182955)(-27938,24146)(-52094,9468)(918,-201264)(20086,-48493)(-101891,18229)(79809,51713)(81610,54767)(-144406,-10884)(-8822,-133012)(-190030,-12152)
23:
(-69029,-32877)(-41034,-10894)(29480,-63502)(-51857,117595)(79809,51713)(-52094,9468)(-16008,-477)(-3688,-37853)(-55962,121161)(-144406,-10884)(918,-201264)(-101891,18229)(-27938,24146)(0,0)(-5388,8143)(66626,-73787)(135280,126528)(-8822,-133012)(-91848,182955)(20086,-48493)(-174446,-11843)(85430,76201)(75191,13551)
23:
(-5388,8143)(0,0)(-101891,18229)(66626,-73787)(-52094,9468)(135280,126528)(-3688,-37853)(-69029,-32877)(-16008,-477)(29480,-63502)(-41034,-10894)(-144406,-10884)(918,-201264)(-27938,24146)(-51857,117595)(-55962,121161)(79809,51713)(20086,-48493)(-91848,182955)(85430,76201)(-199708,-11197)(73838,16813)(-11832,-129927)
23:
(73838,16813)(-16008,-477)(-52094,9468)(-27938,24146)(-3688,-37853)(-5388,8143)(0,0)(20086,-48493)(-101891,18229)(-41034,-10894)(85430,76201)(79809,51713)(66626,-73787)(29480,-63502)(-55962,121161)(-199708,-11197)(-69029,-32877)(918,-201264)(135280,126528)(-11832,-129927)(-47596,103434)(-93261,201929)(-177275,-10974)
23:
(77146,31738)(-3688,-37853)(29480,-63502)(-16008,-477)(-41034,-10894)(-55962,121161)(0,0)(66626,-73787)(-52094,9468)(918,-201264)(-5388,8143)(79809,51713)(-27938,24146)(-51857,117595)(-69029,-32877)(88404,80985)(20086,-48493)(-91848,182955)(-101891,18229)(119180,122191)(-6908,-151400)(-198634,-22049)(-155916,-13641)
23:
(119180,122191)(-5388,8143)(-198634,-22049)(66626,-73787)(0,0)(-41034,-10894)(-52094,9468)(-91848,182955)(79809,51713)(-51857,117595)(-55962,121161)(-27938,24146)(-16008,-477)(-3688,-37853)(77146,31738)(-69029,-32877)(29480,-63502)(918,-201264)(20086,-48493)(-101891,18229)(147235,123686)(-153272,-16716)(-9807,-130525)
23:
(-51857,117595)(-16008,-477)(29480,-63502)(-5388,8143)(20086,-48493)(66626,-73787)(0,0)(-69029,-32877)(119180,122191)(-27938,24146)(-41034,-10894)(-52094,9468)(-3688,-37853)(-55962,121161)(-9807,-130525)(77146,31738)(79809,51713)(918,-201264)(-101891,18229)(147235,123686)(-100362,189168)(-158077,-13178)(-209406,-15166)
23:
(-143690,-14031)(88404,80985)(-27938,24146)(-16008,-477)(-52094,9468)(20086,-48493)(-5388,8143)(0,0)(-3688,-37853)(-69029,-32877)(-41034,-10894)(66626,-73787)(77146,31738)(-51857,117595)(-6695,-152366)(29480,-63502)(-101891,18229)(-197984,-18645)(115856,168050)(-10707,-134604)(-79100,155096)(-98733,198472)(78939,41228)
23:
(0,0)(-5388,8143)(-27938,24146)(-69029,-32877)(178529,197601)(-3688,-37853)(-51857,117595)(91123,74841)(-16008,-477)(-91848,182955)(-52094,9468)(-190087,-21186)(-41034,-10894)(20086,-48493)(79809,51713)(66626,-73787)(-101891,18229)(74761,9353)(-6839,-139872)(44833,-84696)(-74489,143320)(-125518,-8183)(8791,-207063)
23:
(-74285,143018)(-3688,-37853)(-51857,117595)(73800,23403)(20086,-48493)(-5388,8143)(-16008,-477)(-27938,24146)(-52094,9468)(-105979,208829)(29480,-63502)(0,0)(117577,146825)(-69029,-32877)(-41034,-10894)(88404,80985)(-140243,-12503)(66626,-73787)(-14170,-206295)(-111794,16439)(-189420,-20138)(76138,45727)(-13797,-153251)
23:
(0,0)(-5388,8143)(-93790,197413)(-209996,-21150)(-27938,24146)(-51857,117595)(79809,51713)(20086,-48493)(-3688,-37853)(-16008,-477)(117577,146825)(-41034,-10894)(66626,-73787)(88404,80985)(-52094,9468)(-101891,18229)(-9862,-137049)(-69029,-32877)(29480,-63502)(71821,10677)(-79251,160908)(-149397,-10313)(-8790,-207173)
23:
(20086,-48493)(-8790,-207173)(-52094,9468)(66626,-73787)(-5388,8143)(-27938,24146)(-16008,-477)(-3688,-37853)(79809,51713)(-41034,-10894)(29480,-63502)(0,0)(-69029,-32877)(88404,80985)(-9862,-137049)(-101891,18229)(-51857,117595)(-93790,197413)(71821,10677)(117577,146825)(-75440,156756)(-207715,-12160)(-160972,-11417)
23:
(-16008,-477)(-41898,85317)(80770,73985)(-3688,-37853)(-27938,24146)(-9862,-137049)(-5388,8143)(20697,-46597)(-41034,-10894)(-101891,18229)(0,0)(-52094,9468)(-197984,-18645)(-69029,-32877)(29480,-63502)(125268,132869)(4803,-206549)(66626,-73787)(-150150,-14668)(-59287,117886)(72993,27381)(-46991,90117)(69494,3865)
23:
(-46991,90117)(-41898,85317)(-5388,8143)(-16008,-477)(69494,3865)(-9862,-137049)(-52094,9468)(-3688,-37853)(-27938,24146)(29480,-63502)(-101891,18229)(0,0)(-41034,-10894)(-69029,-32877)(80770,73985)(-197984,-18645)(4803,-206549)(66626,-73787)(20697,-46597)(-59287,117886)(148536,175887)(-164791,-15380)(73731,45331)
23:
(-101891,18229)(-5388,8143)(-69029,-32877)(-31109,67796)(-41034,-10894)(-27938,24146)(0,0)(-52094,9468)(-16008,-477)(29480,-63502)(-197984,-18645)(-150150,-14668)(125268,132869)(20697,-46597)(-3688,-37853)(4803,-206549)(80770,73985)(74114,43343)(-9862,-137049)(-57378,88608)(166380,-106039)(-172289,197929)(81016,12026)
23:
(66626,-73787)(-69029,-32877)(-31109,67796)(-27938,24146)(-52094,9468)(-16008,-477)(0,0)(29480,-63502)(-62633,125963)(-163452,-15367)(-3688,-37853)(-5388,8143)(74114,43343)(-41034,-10894)(20697,-46597)(4803,-206549)(125268,132869)(-9862,-137049)(76108,51517)(-94841,12489)(70693,23733)(-92538,194595)(-207212,-20051)
23:
(-27938,24146)(-52094,9468)(-163452,-15367)(-41034,-10894)(74114,43343)(-16008,-477)(-31109,67796)(66626,-73787)(-5388,8143)(-3688,-37853)(-92538,194595)(4803,-206549)(125268,132869)(-69029,-32877)(0,0)(20697,-46597)(76108,51517)(70693,23733)(-9862,-137049)(-94841,12489)(-74870,153829)(-190639,-17770)(40638,-75194)
23:
(74114,43343)(125268,132869)(-92538,194595)(-16008,-477)(-74870,153829)(-31109,67796)(-94841,12489)(20697,-46597)(-5388,8143)(-3688,-37853)(0,0)(-27938,24146)(-9862,-137049)(-41034,-10894)(40638,-75194)(-52094,9468)(-69029,-32877)(76108,51517)(66626,-73787)(4803,-206549)(-166025,-22730)(-136724,-15699)(217794,188911)
23:
(-41034,-10894)(-27938,24146)(-163452,-15367)(-5388,8143)(-16008,-477)(66626,-73787)(0,0)(-3688,-37853)(74114,43343)(-69029,-32877)(88404,80985)(-52094,9468)(20697,-46597)(-31109,67796)(4803,-206549)(-9862,-137049)(29480,-63502)(125268,132869)(-91740,198677)(-103943,12555)(-44580,75024)(-207318,-21433)(71016,26326)
23:
(-5388,8143)(74114,43343)(-69029,-32877)(-52094,9468)(-41034,-10894)(71016,26326)(-27938,24146)(-103943,12555)(-163452,-15367)(0,0)(-16008,-477)(-3688,-37853)(20697,-46597)(66626,-73787)(-207318,-21433)(-9862,-137049)(125268,132869)(-31109,67796)(4803,-206549)(29480,-63502)(-93524,198090)(-57222,108640)(196772,163801)
23:
(-5388,8143)(-9862,-137049)(-207318,-21433)(-3688,-37853)(71016,26326)(-69029,-32877)(0,0)(-57222,108640)(20697,-46597)(4803,-206549)(-41034,-10894)(29480,-63502)(-16008,-477)(-52094,9468)(-27938,24146)(-31109,67796)(74114,43343)(66626,-73787)(196772,163801)(125268,132869)(-111920,13509)(-39260,72964)(-172544,-14866)
23:
(-52094,9468)(20697,-46597)(-39260,72964)(-27938,24146)(125268,132869)(-31109,67796)(-16008,-477)(4803,-206549)(-41034,-10894)(-3688,-37853)(-5388,8143)(-69029,-32877)(-111920,13509)(0,0)(74114,43343)(66626,-73787)(71016,26326)(29480,-63502)(-172544,-14866)(-207318,-21433)(-8906,-146484)(91349,86430)(-171779,203352)
23:
(-3688,-37853)(-195780,147005)(66626,-73787)(-27938,24146)(20697,-46597)(4803,-206549)(162549,187697)(-41034,-10894)(29480,-63502)(-5388,8143)(74114,43343)(-16008,-477)(-52094,9468)(-69029,-32877)(-214495,-18069)(-114971,14768)(0,0)(-9862,-137049)(-31109,67796)(-186332,-14851)(78236,71400)(-47606,74907)(74723,48176)
23:
(0,0)(-27938,24146)(-67920,132621)(-41034,-10894)(-5388,8143)(20697,-46597)(155267,107834)(-124187,14278)(-16008,-477)(-52094,9468)(-200681,-20784)(69236,5628)(-31109,67796)(-9862,-137049)(-3688,-37853)(-139844,-14703)(-69029,-32877)(4803,-206549)(29480,-63502)(-88793,182289)(73055,30855)(75999,41230)(60300,-61911)
23:
(-69029,-32877)(-16008,-477)(-27938,24146)(73055,30855)(-3688,-37853)(4803,-206549)(-9862,-137049)(0,0)(-31109,67796)(29480,-63502)(-139844,-14703)(-5388,8143)(-41034,-10894)(-52094,9468)(-88793,182289)(20697,-46597)(155267,107834)(75999,41230)(-67920,132621)(60300,-61911)(-113386,13209)(-176697,-24055)(78248,45579)
23:
(-16008,-477)(-27938,24146)(-69029,-32877)(-9862,-137049)(-41034,-10894)(-139844,-14703)(-5388,8143)(-67920,132621)(-52094,9468)(-113386,13209)(-88793,182289)(20697,-46597)(-3688,-37853)(0,0)(4803,-206549)(-31109,67796)(73055,30855)(60300,-61911)(155267,107834)(75999,41230)(-173804,-23052)(41577,-75097)(66714,5598)
23:
(-16008,-477)(-3688,-37853)(-52094,9468)(4803,-206549)(0,0)(60300,-61911)(-41034,-10894)(-139844,-14703)(-69029,-32877)(20697,-46597)(-5388,8143)(66714,5598)(-113386,13209)(-173804,-23052)(-27938,24146)(-31109,67796)(73055,30855)(-9862,-137049)(41577,-75097)(-88793,182289)(146740,81633)(-47329,99447)(109744,60362)
23:
(20697,-46597)(-16008,-477)(0,0)(-52094,9468)(-27938,24146)(41577,-75097)(-173804,-23052)(-41034,-10894)(-3688,-37853)(-69029,-32877)(4803,-206549)(-113386,13209)(-5388,8143)(73055,30855)(109744,60362)(60300,-61911)(-47329,99447)(-31109,67796)(-9862,-137049)(66714,5598)(191354,101205)(-136378,-14419)(-58835,124163)
23:
(-27938,24146)(-41034,-10894)(-3688,-37853)(-16008,-477)(-9862,-137049)(66714,5598)(41577,-75097)(-31109,67796)(-136378,-14419)(4803,-206549)(-5388,8143)(191354,101205)(-52094,9468)(0,0)(109744,60362)(60300,-61911)(-47329,99447)(20697,-46597)(-69029,-32877)(-113386,13209)(71457,27305)(-187111,-17945)(-102364,207942)
23:
(-16008,-477)(18170,-43983)(0,0)(-5388,8143)(-52094,9468)(212134,36236)(-51475,89378)(-100969,16953)(-27938,24146)(127467,83690)(-31109,67796)(163193,45948)(135280,126528)(-191552,-18004)(-41034,-10894)(-69029,-32877)(-3688,-37853)(29480,-63502)(-9862,-137049)(-81287,156121)(-148397,-14423)(-12876,-190945)(128362,60821)
23:
(0,0)(-5388,8143)(29480,-63502)(-12876,-190945)(-3688,-37853)(-100969,16953)(-16008,-477)(-9862,-137049)(-41034,-10894)(127467,83690)(-69029,-32877)(-51475,89378)(-52094,9468)(-27938,24146)(18170,-43983)(-191552,-18004)(135280,126528)(-31109,67796)(212134,36236)(-148397,-14423)(134936,40746)(126778,55981)(-75100,138886)
23:
(-5388,8143)(-79000,139229)(-31109,67796)(212134,36236)(-27938,24146)(-41034,-10894)(135280,126528)(-52094,9468)(18170,-43983)(163193,45948)(-16008,-477)(148845,54011)(-2305,-183878)(0,0)(-3688,-37853)(-9862,-137049)(-69029,-32877)(-191552,-18004)(29480,-63502)(128948,106625)(-104162,20326)(-50256,87954)(-179327,-17029)
23:
(-27938,24146)(-104162,20326)(-69029,-32877)(-9862,-137049)(135280,126528)(-52094,9468)(-2305,-183878)(-191552,-18004)(-5388,8143)(-16008,-477)(-179327,-17029)(-41034,-10894)(-3688,-37853)(29480,-63502)(128948,106625)(0,0)(-31109,67796)(148845,54011)(-50256,87954)(18170,-43983)(195540,35244)(-65683,126986)(154667,50757)
23:
(213662,17951)(-5388,8143)(35,-195483)(-16008,-477)(-27938,24146)(-41034,-10894)(185851,167100)(-3688,-37853)(0,0)(19299,-48372)(-2909,-136426)(-69029,-32877)(-52094,9468)(29480,-63502)(-31109,67796)(142001,58742)(-191552,-18004)(-100969,16953)(-43630,78557)(142349,91058)(-87821,170291)(-160571,-13296)(139348,68378)
23:
(-100969,16953)(-31109,67796)(-69029,-32877)(-27938,24146)(-16008,-477)(142001,58742)(0,0)(19299,-48372)(-5388,8143)(185851,167100)(-52094,9468)(142349,91058)(139348,68378)(-41034,-10894)(-3688,-37853)(-87821,170291)(29480,-63502)(213662,17951)(-160571,-13296)(-2909,-136426)(-973,-171368)(-191482,-14436)(-45907,83295)
23:
(-94627,181850)(-69029,-32877)(-31109,67796)(-163452,-15367)(-52094,9468)(-27938,24146)(163193,45948)(9074,-194943)(0,0)(-16008,-477)(-41034,-10894)(-3688,-37853)(-5388,8143)(29480,-63502)(-2909,-136426)(142001,58742)(173549,137825)(19299,-48372)(-43630,78557)(175260,40376)(191459,168212)(-101839,18078)(-180737,-18615)
23:
(-27938,24146)(-41034,-10894)(0,0)(-16008,-477)(-3688,-37853)(19299,-48372)(213662,17951)(-100969,16953)(-94627,181850)(-5388,8143)(173549,137825)(-31109,67796)(-52094,9468)(163193,45948)(194502,179765)(-2909,-136426)(29480,-63502)(-43630,78557)(-69029,-32877)(-187247,-13728)(2244,-192258)(155456,73434)(-154336,-10165)
23:
(0,0)(-5388,8143)(-2909,-136426)(-3688,-37853)(-52094,9468)(19299,-48372)(29480,-63502)(2244,-192258)(-69029,-32877)(-16008,-477)(-43630,78557)(-100969,16953)(-41034,-10894)(-27938,24146)(213662,17951)(-154336,-10165)(155456,73434)(-187247,-13728)(173549,137825)(194502,179765)(151235,83369)(-25514,63781)(-110469,202845)
23:
(29480,-63502)(-3688,-37853)(-5388,8143)(-16008,-477)(0,0)(-25514,63781)(-27938,24146)(-187247,-13728)(213662,17951)(-41034,-10894)(-69029,-32877)(-154336,-10165)(173549,137825)(-52094,9468)(-2909,-136426)(-100969,16953)(19299,-48372)(2244,-192258)(155456,73434)(194502,179765)(-94214,199001)(-76842,156401)(152047,47312)
23:
(-148872,-14851)(-52094,9468)(66626,-73787)(-91848,182955)(0,0)(-5388,8143)(-51857,117595)(-55962,121161)(-16008,-477)(19369,-45137)(-69029,-32877)(71916,10163)(-27938,24146)(-41034,-10894)(-3688,-37853)(-9862,-137049)(79809,51713)(29480,-63502)(-101891,18229)(111319,131613)(-354,-186073)(84312,63320)(-172967,-19524)
23:
(-16008,-477)(79809,51713)(-8822,-133012)(-5388,8143)(66626,-73787)(-52094,9468)(-41034,-10894)(-69029,-32877)(135280,126528)(-3688,-37853)(75191,13551)(0,0)(-27938,24146)(85430,76201)(-101891,18229)(-91848,182955)(20086,-48493)(-144406,-10884)(29480,-63502)(-21035,48767)(-51011,85617)(-881,-180923)(-197682,-11437)
23:
(-5388,8143)(119180,122191)(20086,-48493)(-52094,9468)(77146,31738)(-101891,18229)(-198634,-22049)(-16008,-477)(-41034,-10894)(-27938,24146)(79809,51713)(-155916,-13641)(-51857,117595)(66626,-73787)(0,0)(-69029,-32877)(-3688,-37853)(-91848,182955)(29480,-63502)(83158,73110)(-5422,-165403)(-3546,-201829)(-69937,136069)
23:
(119180,122191)(29480,-63502)(20086,-48493)(-27938,24146)(-5388,8143)(-69029,-32877)(-16008,-477)(-3688,-37853)(-101891,18229)(-41034,-10894)(79809,51713)(-51857,117595)(-52094,9468)(-69937,136069)(0,0)(-198634,-22049)(-91848,182955)(83158,73110)(-3546,-201829)(66626,-73787)(-10965,-153312)(-130351,-16610)(77394,32951)
23:
(-69029,-32877)(147235,123686)(-9807,-130525)(918,-201264)(-52094,9468)(-3688,-37853)(-16008,-477)(-55962,121161)(-41034,-10894)(29480,-63502)(-27938,24146)(20086,-48493)(-158077,-13178)(0,0)(-5388,8143)(-100362,189168)(-51857,117595)(66626,-73787)(-101891,18229)(95923,25893)(191389,168688)(-188628,-19484)(101454,42368)
23:
(-27938,24146)(-100362,189168)(-51857,117595)(-41034,-10894)(-3688,-37853)(-5388,8143)(79809,51713)(29480,-63502)(-101891,18229)(918,-201264)(-9807,-130525)(147235,123686)(-16008,-477)(-52094,9468)(-55962,121161)(-69029,-32877)(-158077,-13178)(119180,122191)(-209406,-15166)(22119,-42850)(14838,-6267)(102489,31283)(186911,-2984)
23:
(-52094,9468)(-101891,18229)(119180,122191)(-158077,-13178)(-5388,8143)(-27938,24146)(-41034,-10894)(186911,-2984)(-69029,-32877)(-16008,-477)(-3688,-37853)(-100362,189168)(-9807,-130525)(-209406,-15166)(22119,-42850)(14838,-6267)(29480,-63502)(-51857,117595)(79809,51713)(-55962,121161)(134385,17570)(195868,158256)(-12004,-121894)
23:
(-143690,-14031)(-41034,-10894)(-98733,198472)(-27938,24146)(-3688,-37853)(-16008,-477)(-6695,-152366)(29480,-63502)(77146,31738)(-69029,-32877)(0,0)(-197984,-18645)(20086,-48493)(-10707,-134604)(-52094,9468)(-5388,8143)(66626,-73787)(88404,80985)(-101891,18229)(172310,159869)(-35393,79638)(-48964,90532)(79646,48973)
23:
(-5388,8143)(0,0)(-27938,24146)(-190087,-21186)(74761,9353)(-91848,182955)(-6839,-139872)(-16008,-477)(178529,197601)(-3688,-37853)(20086,-48493)(-52094,9468)(66626,-73787)(-41034,-10894)(79809,51713)(91123,74841)(44833,-84696)(-51857,117595)(-69029,-32877)(-120727,15260)(-72377,140325)(9132,-200147)(-152995,-13939)
23:
(-16008,-477)(-51857,117595)(88404,80985)(-69029,-32877)(20086,-48493)(-52094,9468)(71821,10677)(117577,146825)(-5388,8143)(0,0)(29480,-63502)(66626,-73787)(-27938,24146)(-75440,156756)(-3688,-37853)(-41034,-10894)(-101891,18229)(-207715,-12160)(-93790,197413)(-1062,-150904)(8108,-192182)(-164777,-7943)(78838,41611)
23:
(117577,146825)(66626,-73787)(-3688,-37853)(0,0)(8108,-192182)(-75440,156756)(-41034,-10894)(-164777,-7943)(-27938,24146)(-16008,-477)(-51857,117595)(29480,-63502)(-5388,8143)(20086,-48493)(-52094,9468)(78838,41611)(-69029,-32877)(-93790,197413)(71821,10677)(-101891,18229)(-191307,-11741)(199937,166184)(-5448,-141116)
23:
(-3688,-37853)(0,0)(71821,10677)(-41034,-10894)(88404,80985)(-51857,117595)(-93790,197413)(-16008,-477)(-5388,8143)(-27938,24146)(20086,-48493)(-8790,-207173)(-52094,9468)(-69029,-32877)(-9862,-137049)(-160972,-11417)(-75440,156756)(-101891,18229)(66626,-73787)(120206,122536)(-189448,-14160)(77237,48658)(29555,-63054)
23:
(0,0)(-69029,-32877)(-41034,-10894)(-101891,18229)(20086,-48493)(-189448,-14160)(71821,10677)(-16008,-477)(-3688,-37853)(-52094,9468)(-27938,24146)(-160972,-11417)(-5388,8143)(-9862,-137049)(77237,48658)(-93790,197413)(66626,-73787)(-8790,-207173)(88404,80985)(29555,-63054)(130741,123845)(-52866,124786)(-89788,186953)
23:
(-41034,-10894)(0,0)(-52094,9468)(-101891,18229)(-27938,24146)(-93790,197413)(-89788,186953)(-16008,-477)(-160972,-11417)(-3688,-37853)(66626,-73787)(-8790,-207173)(-5388,8143)(-52866,124786)(20086,-48493)(-69029,-32877)(88404,80985)(77237,48658)(71821,10677)(-189448,-14160)(-15243,-157112)(156989,186998)(33689,-76046)
23:
(-3688,-37853)(29480,-63502)(-41034,-10894)(-197984,-18645)(0,0)(66626,-73787)(-16008,-477)(-150150,-14668)(-69029,-32877)(-52094,9468)(20697,-46597)(80770,73985)(-27938,24146)(-5388,8143)(69494,3865)(-9862,-137049)(-41898,85317)(-101891,18229)(-59287,117886)(72980,44314)(179671,194122)(1664,-192420)(-32815,72058)
23:
(-16008,-477)(80770,73985)(-52094,9468)(20697,-46597)(-3688,-37853)(-101891,18229)(-32815,72058)(-41034,-10894)(-69029,-32877)(-27938,24146)(-5388,8143)(-197984,-18645)(0,0)(1664,-192420)(69494,3865)(-41898,85317)(-59287,117886)(29480,-63502)(-9862,-137049)(72980,44314)(183070,167474)(-171719,-15517)(70760,27017)
23:
(-16008,-477)(4803,-206549)(0,0)(29480,-63502)(-41034,-10894)(20697,-46597)(-101891,18229)(-3688,-37853)(-69029,-32877)(-59287,117886)(-5388,8143)(-197984,-18645)(-52094,9468)(-27938,24146)(-164791,-15380)(-9862,-137049)(148536,175887)(-41898,85317)(69494,3865)(69226,28549)(130030,-88231)(76932,47344)(-97314,200792)
23:
(0,0)(-69029,-32877)(4803,-206549)(69494,3865)(20697,-46597)(-101891,18229)(-97314,200792)(-16008,-477)(-5388,8143)(-3688,-37853)(-41034,-10894)(130030,-88231)(-52094,9468)(-27938,24146)(29480,-63502)(-164791,-15380)(-41898,85317)(148536,175887)(76932,47344)(-59287,117886)(-194531,-17930)(-989,-171885)(95294,86830)
23:
(-172289,197929)(4803,-206549)(-41034,-10894)(-31109,67796)(-5388,8143)(29480,-63502)(-16008,-477)(-52094,9468)(80770,73985)(-69029,-32877)(-3688,-37853)(-101891,18229)(-27938,24146)(-197984,-18645)(-57378,88608)(-150150,-14668)(0,0)(-9862,-137049)(20697,-46597)(132726,34811)(95801,119250)(101804,55586)(95303,61045)
23:
(-94841,12489)(-5388,8143)(-41034,-10894)(-27938,24146)(-9862,-137049)(-16008,-477)(74114,43343)(-3688,-37853)(20697,-46597)(-52094,9468)(0,0)(66626,-73787)(-69029,-32877)(-31109,67796)(125268,132869)(-166025,-22730)(76108,51517)(-136724,-15699)(-74870,153829)(-88652,184540)(117632,37174)(209614,179541)(4461,-210515)
23:
(-3688,-37853)(71016,26326)(-41034,-10894)(-31109,67796)(-16008,-477)(-52094,9468)(0,0)(4803,-206549)(20697,-46597)(-172544,-14866)(-111920,13509)(-207318,-21433)(-5388,8143)(-69029,-32877)(-8906,-146484)(29480,-63502)(-27938,24146)(-39260,72964)(74114,43343)(155048,113049)(157647,-101713)(-65956,127369)(83734,94811)
23:
(-41034,-10894)(0,0)(78236,71400)(74723,48176)(-52094,9468)(-5388,8143)(-27938,24146)(-114971,14768)(-69029,-32877)(-16008,-477)(4803,-206549)(-3688,-37853)(29480,-63502)(-195780,147005)(-31109,67796)(66626,-73787)(-214495,-18069)(20697,-46597)(162549,187697)(-8887,-122676)(-160887,-11862)(73474,35944)(-44939,73225)
23:
(-52094,9468)(-5388,8143)(41577,-75097)(-16008,-477)(-3688,-37853)(-27938,24146)(4803,-206549)(66714,5598)(-9862,-137049)(0,0)(-136378,-14419)(-41034,-10894)(60300,-61911)(109744,60362)(-47329,99447)(-69029,-32877)(-31109,67796)(20697,-46597)(71457,27305)(176563,104318)(-86793,179796)(-101968,19594)(-172073,-22479)
23:
(0,0)(-148397,-14423)(134936,40746)(-41034,-10894)(127467,83690)(18170,-43983)(126778,55981)(-69029,-32877)(-3688,-37853)(-5388,8143)(-100969,16953)(-16008,-477)(-52094,9468)(135280,126528)(29480,-63502)(-27938,24146)(212134,36236)(-12876,-190945)(-9862,-137049)(-68256,156988)(-78095,175036)(-180368,-17938)(-101636,219526)
23:
(-65683,126986)(148845,54011)(-41034,-10894)(-3688,-37853)(-16008,-477)(-104162,20326)(29480,-63502)(-27938,24146)(18170,-43983)(-5388,8143)(-52094,9468)(135280,126528)(-69029,-32877)(0,0)(-31109,67796)(-2305,-183878)(128948,106625)(-179327,-17029)(-50256,87954)(168733,42399)(138346,65359)(-9790,-140439)(-207953,-18433)
23:
(-41034,-10894)(128948,106625)(-104162,20326)(-50256,87954)(168733,42399)(135280,126528)(-3688,-37853)(-207953,-18433)(-31109,67796)(148845,54011)(-27938,24146)(-5388,8143)(-52094,9468)(138346,65359)(-2305,-183878)(-16008,-477)(0,0)(-69029,-32877)(29480,-63502)(18170,-43983)(-80869,170235)(-11315,-120330)(-187362,-16941)
23:
(-3688,-37853)(-41034,-10894)(-2305,-183878)(-9862,-137049)(0,0)(-69029,-32877)(-27938,24146)(-52094,9468)(-16008,-477)(18170,-43983)(-5388,8143)(128948,106625)(-31109,67796)(-104162,20326)(148845,54011)(195540,35244)(29480,-63502)(-50256,87954)(-65683,126986)(135875,125120)(150689,53051)(-161001,-13969)(-204225,-16200)
23:
(-16008,-477)(-27938,24146)(-3688,-37853)(-2909,-136426)(19299,-48372)(-87821,170291)(-5388,8143)(0,0)(-52094,9468)(185851,167100)(-31109,67796)(-41034,-10894)(35,-195483)(-69029,-32877)(-100969,16953)(29480,-63502)(-191552,-18004)(-160571,-13296)(142001,58742)(165709,127102)(144320,14057)(145621,80935)(-46259,76464)
23:
(-69029,-32877)(35,-195483)(-3688,-37853)(-27938,24146)(-41034,-10894)(-16008,-477)(19299,-48372)(-52094,9468)(0,0)(-43630,78557)(-160571,-13296)(29480,-63502)(-5388,8143)(142349,91058)(-100969,16953)(213662,17951)(185851,167100)(142001,58742)(-2909,-136426)(-172911,-14770)(138640,70268)(-30516,73634)(-96755,212783)
23:
(213662,17951)(-69029,-32877)(139348,68378)(0,0)(-31109,67796)(29480,-63502)(-16008,-477)(-2909,-136426)(-3688,-37853)(-5388,8143)(-41034,-10894)(19299,-48372)(-27938,24146)(185851,167100)(-100969,16953)(-52094,9468)(-973,-171368)(-191482,-14436)(-87821,170291)(161122,126684)(134451,75833)(-56127,107100)(-156599,-12059)
23:
(-27938,24146)(-16008,-477)(-156599,-12059)(-41034,-10894)(213662,17951)(-5388,8143)(-3688,-37853)(-2909,-136426)(-191482,-14436)(0,0)(-52094,9468)(-100969,16953)(-31109,67796)(-87821,170291)(19299,-48372)(134451,75833)(185851,167100)(-69029,-32877)(29480,-63502)(-56127,107100)(139669,55982)(165631,132060)(4268,-206209)
23:
(-31109,67796)(-16008,-477)(4268,-206209)(-41034,-10894)(-3688,-37853)(-56127,107100)(165631,132060)(185851,167100)(-69029,-32877)(-5388,8143)(0,0)(-27938,24146)(-52094,9468)(-100969,16953)(-191482,-14436)(-156599,-12059)(-87821,170291)(-2909,-136426)(29480,-63502)(139669,55982)(146972,83638)(201259,-90767)(17345,-40278)
23:
(0,0)(-5388,8143)(-45907,83295)(142349,91058)(-87821,170291)(-41034,-10894)(-27938,24146)(-31109,67796)(-16008,-477)(-3688,-37853)(-52094,9468)(-100969,16953)(19299,-48372)(213662,17951)(185851,167100)(139348,68378)(29480,-63502)(-973,-171368)(142001,58742)(362,-177343)(-61450,-33242)(-206693,-16185)(-142173,-12577)
24:
(-193489,188522)(-136699,-148455)(-171705,-180305)(162468,-117953)(65256,-125234)(-3688,-37853)(-151264,1312)(-35443,-14130)(-16008,-477)(-145071,-46233)(-2990,-84229)(-5388,8143)(0,0)(19383,-42895)(-48127,3168)(68039,-105857)(-183078,18324)(209731,-207844)(115050,17347)(103241,-91481)(161921,-157061)(186276,-184230)(-26180,26022)(179365,108516)
24:
(-151290,-169168)(-3688,-37853)(98569,3629)(205783,175289)(0,0)(19383,-42895)(-5388,8143)(74068,-141957)(-183668,180711)(-16008,-477)(68039,-105857)(-35443,-14130)(162468,-117953)(-48127,3168)(-2990,-84229)(96103,-95037)(-44588,44249)(-151264,1312)(-180587,15492)(-179393,-197825)(160096,-182988)(-143103,-47947)(104301,81937)(193731,-220322)
24:
(-44588,44249)(-5388,8143)(-48127,3168)(162468,-117953)(68039,-105857)(-151290,-169168)(19383,-42895)(-16008,-477)(98569,3629)(-183668,180711)(104301,81937)(0,0)(-35443,-14130)(-3688,-37853)(74068,-141957)(-2990,-84229)(96103,-95037)(193731,-220322)(-179393,-197825)(-151264,1312)(-150556,-82185)(181373,158650)(165934,-190630)(-179773,10146)
24:
(-48127,3168)(0,0)(19383,-42895)(-16008,-477)(-179393,-197825)(96103,-95037)(-3688,-37853)(-2990,-84229)(68039,-105857)(-35443,-14130)(-151290,-169168)(-5388,8143)(98569,3629)(-44588,44249)(104301,81937)(-179773,10146)(-150556,-82185)(181373,158650)(-151264,1312)(162468,-117953)(93803,-159921)(-197401,189443)(162732,-167600)(217833,-219799)
24:
(-3688,-37853)(68039,-105857)(-35443,-14130)(-179393,-197825)(-2990,-84229)(-48127,3168)(-16008,-477)(-151264,1312)(-150556,-82185)(19383,-42895)(96103,-95037)(0,0)(-179773,10146)(93803,-159921)(162468,-117953)(162732,-167600)(98569,3629)(-197401,189443)(-151290,-169168)(217833,-219799)(-5388,8143)(-41683,41745)(206057,153496)(141503,84062)
24:
(0,0)(-3688,-37853)(68039,-105857)(-35443,-14130)(-16008,-477)(-151264,1312)(-48127,3168)(19383,-42895)(-197401,189443)(96103,-95037)(-2990,-84229)(98569,3629)(-5388,8143)(-179773,10146)(93803,-159921)(162732,-167600)(162468,-117953)(-44588,44249)(181373,158650)(104301,81937)(-161023,-187327)(-145886,-88119)(-142419,-165044)(224204,-220024)
25:
(0,0)(-3688,-37853)(68039,-105857)(-35443,-14130)(-16008,-477)(-151264,1312)(-48127,3168)(19383,-42895)(-197401,189443)(96103,-95037)(-2990,-84229)(98569,3629)(-5388,8143)(-179773,10146)(93803,-159921)(162732,-167600)(162468,-117953)(-44588,44249)(181373,158650)(104301,81937)(-161023,-187327)(-145886,-88119)(-142419,-165044)(224204,-220024)(185727,-190386)
25:
(-3688,-37853)(98569,3629)(-142419,-165044)(19383,-42895)(185727,-190386)(0,0)(96103,-95037)(-35443,-14130)(-16008,-477)(-151264,1312)(-2990,-84229)(68039,-105857)(-5388,8143)(-44588,44249)(-48127,3168)(162468,-117953)(104301,81937)(162732,-167600)(93803,-159921)(-179773,10146)(-197401,189443)(-175652,-206689)(177487,156020)(229515,-222429)(-146408,-81047)
25:
(0,0)(-142419,-165044)(-16008,-477)(-2990,-84229)(-3688,-37853)(19383,-42895)(-197401,189443)(68039,-105857)(162468,-117953)(-146408,-81047)(-151264,1312)(-35443,-14130)(-175652,-206689)(-48127,3168)(93803,-159921)(177487,156020)(229515,-222429)(-5388,8143)(-44588,44249)(98569,3629)(104301,81937)(96103,-95037)(-184521,14177)(194755,-196790)(173230,-175508)
25:
(177487,156020)(-2990,-84229)(19383,-42895)(-175652,-206689)(-48127,3168)(0,0)(93803,-159921)(-142419,-165044)(68039,-105857)(-3688,-37853)(-16008,-477)(98569,3629)(162468,-117953)(-5388,8143)(-35443,-14130)(-146408,-81047)(-184521,14177)(-151264,1312)(-44588,44249)(229515,-222429)(96103,-95037)(160556,-169668)(-216773,208550)(195136,-206118)(135536,111586)
25:
(93803,-159921)(0,0)(-3688,-37853)(19383,-42895)(-48127,3168)(68039,-105857)(-151264,1312)(-216773,208550)(98569,3629)(229515,-222429)(96103,-95037)(-35443,-14130)(-2990,-84229)(-175652,-206689)(-16008,-477)(-44588,44249)(-184521,14177)(-146408,-81047)(162468,-117953)(160556,-169668)(-142419,-165044)(-12527,15549)(128123,92242)(224720,171993)(195854,-206242)
25:
(93803,-159921)(224720,171993)(-16008,-477)(-3688,-37853)(-35443,-14130)(19383,-42895)(-216773,208550)(-12527,15549)(68039,-105857)(-48127,3168)(-142419,-165044)(-2990,-84229)(-151264,1312)(0,0)(96103,-95037)(-44588,44249)(160556,-169668)(162468,-117953)(-184521,14177)(98569,3629)(229515,-222429)(165809,117469)(-179053,-199854)(-139685,-66681)(195063,-205557)
25:
(162468,-117953)(-2990,-84229)(-12527,15549)(19383,-42895)(-16008,-477)(-151264,1312)(-3688,-37853)(0,0)(195063,-205557)(-216773,208550)(68039,-105857)(-35443,-14130)(96103,-95037)(-142419,-165044)(-44588,44249)(98569,3629)(-48127,3168)(160556,-169668)(229515,-222429)(224720,171993)(93803,-159921)(165809,117469)(-161405,-191048)(-139617,-64434)(-186601,12280)
25:
(0,0)(19383,-42895)(-44588,44249)(-12527,15549)(165809,117469)(68039,-105857)(96103,-95037)(-16008,-477)(162468,-117953)(-2990,-84229)(229515,-222429)(160556,-169668)(-48127,3168)(-3688,-37853)(-35443,-14130)(-139685,-66681)(-151264,1312)(98569,3629)(93803,-159921)(-142419,-165044)(224720,171993)(-158832,-185887)(-217591,203275)(-174046,11076)(193713,-201651)
25:
(93803,-159921)(-216773,208550)(-48127,3168)(19383,-42895)(162468,-117953)(68039,-105857)(96103,-95037)(-3688,-37853)(-2990,-84229)(-184521,14177)(-35443,-14130)(-151264,1312)(160556,-169668)(-16008,-477)(-142419,-165044)(-12527,15549)(0,0)(98569,3629)(229515,-222429)(195063,-205557)(-139685,-66681)(-158899,-181597)(-39489,39188)(199970,127642)(144210,81663)
25:
(-35443,-14130)(0,0)(-184521,14177)(-16008,-477)(199970,127642)(19383,-42895)(68039,-105857)(-3688,-37853)(160556,-169668)(-151264,1312)(-142419,-165044)(-48127,3168)(-2990,-84229)(93803,-159921)(96103,-95037)(162468,-117953)(195063,-205557)(-12527,15549)(-39489,39188)(98569,3629)(144210,81663)(-158899,-181597)(-129255,-63710)(-227314,214714)(238563,-229219)
25:
(160556,-169668)(98569,3629)(-3688,-37853)(0,0)(162468,-117953)(96103,-95037)(19383,-42895)(-39489,39188)(-151264,1312)(-35443,-14130)(-16008,-477)(-48127,3168)(93803,-159921)(68039,-105857)(-12527,15549)(-2990,-84229)(238563,-229219)(195063,-205557)(-158899,-181597)(-227314,214714)(199970,127642)(144210,81663)(-109839,-135644)(-190428,15883)(-129494,-63698)
25:
(-16008,-477)(-35443,-14130)(19383,-42895)(-151264,1312)(-3688,-37853)(195063,-205557)(-158899,-181597)(68039,-105857)(-12527,15549)(-2990,-84229)(0,0)(96103,-95037)(98569,3629)(-48127,3168)(-39489,39188)(199970,127642)(160556,-169668)(162468,-117953)(93803,-159921)(238563,-229219)(-227314,214714)(144210,81663)(-167794,9803)(-197161,-222538)(-127066,-68319)
25:
(160556,-169668)(19383,-42895)(96103,-95037)(-2990,-84229)(-48127,3168)(162468,-117953)(0,0)(-16008,-477)(-151264,1312)(144210,81663)(-3688,-37853)(-35443,-14130)(68039,-105857)(-12527,15549)(98569,3629)(-227314,214714)(-39489,39188)(199970,127642)(-197161,-222538)(195063,-205557)(238563,-229219)(93803,-159921)(-132691,-76911)(-138741,-162615)(-193840,17544)
25:
(68039,-105857)(199970,127642)(144210,81663)(238563,-229219)(-39489,39188)(-12527,15549)(-132691,-76911)(-16008,-477)(-48127,3168)(98569,3629)(19383,-42895)(0,0)(-3688,-37853)(96103,-95037)(162468,-117953)(-35443,-14130)(93803,-159921)(-227314,214714)(-2990,-84229)(160556,-169668)(-197161,-222538)(-138741,-162615)(199626,-207907)(-155125,-1321)(-195912,8765)
25:
(93803,-159921)(-12527,15549)(-16008,-477)(0,0)(19383,-42895)(-2990,-84229)(96103,-95037)(-3688,-37853)(68039,-105857)(-227314,214714)(-39489,39188)(199970,127642)(-48127,3168)(98569,3629)(162468,-117953)(160556,-169668)(-195912,8765)(238563,-229219)(-35443,-14130)(-155125,-1321)(-138741,-162615)(-197161,-222538)(-132932,-71110)(146788,77952)(199713,-208501)
25:
(96103,-95037)(-2990,-84229)(-16008,-477)(0,0)(165809,117469)(-3688,-37853)(162468,-117953)(-44588,44249)(-12527,15549)(19383,-42895)(-48127,3168)(93803,-159921)(-35443,-14130)(-216773,208550)(68039,-105857)(98569,3629)(229515,-222429)(160556,-169668)(-142419,-165044)(-151264,1312)(224720,171993)(-142397,-86691)(-180192,11212)(-183013,-222258)(194499,-204818)
25:
(-16008,-477)(19383,-42895)(-3688,-37853)(-12527,15549)(96103,-95037)(-44588,44249)(68039,-105857)(-48127,3168)(-2990,-84229)(0,0)(98569,3629)(160556,-169668)(165809,117469)(-139685,-66681)(162468,-117953)(-35443,-14130)(93803,-159921)(-142419,-165044)(224720,171993)(193713,-201651)(-151264,1312)(-201655,193707)(-185983,-213545)(223566,-218179)(-185520,12705)
25:
(-3688,-37853)(68039,-105857)(19383,-42895)(-12527,15549)(165809,117469)(-201655,193707)(0,0)(-16008,-477)(-44588,44249)(93803,-159921)(-2990,-84229)(98569,3629)(160556,-169668)(-48127,3168)(96103,-95037)(162468,-117953)(-35443,-14130)(224720,171993)(193713,-201651)(-185983,-213545)(-151264,1312)(-139685,-66681)(-131761,-155596)(-188080,12292)(228672,-220110)
25:
(-131761,-155596)(193713,-201651)(-16008,-477)(93803,-159921)(-44588,44249)(-3688,-37853)(68039,-105857)(19383,-42895)(160556,-169668)(98569,3629)(-2990,-84229)(0,0)(-35443,-14130)(96103,-95037)(-12527,15549)(-48127,3168)(162468,-117953)(-185983,-213545)(-201655,193707)(224720,171993)(-139685,-66681)(228672,-220110)(135950,96032)(-147667,435)(-176680,17134)
25:
(-48127,3168)(-184521,14177)(-151264,1312)(-35443,-14130)(-227314,214714)(-2990,-84229)(-129255,-63710)(-3688,-37853)(96103,-95037)(162468,-117953)(68039,-105857)(19383,-42895)(0,0)(-142419,-165044)(93803,-159921)(-16008,-477)(98569,3629)(-158899,-181597)(-12527,15549)(160556,-169668)(-39489,39188)(163695,107314)(193319,144326)(218847,-216183)(193191,-203133)
25:
(-3688,-37853)(-16008,-477)(19383,-42895)(-35443,-14130)(0,0)(-227314,214714)(-12527,15549)(-151264,1312)(-48127,3168)(238563,-229219)(93803,-159921)(-167794,9803)(-127066,-68319)(-2990,-84229)(68039,-105857)(-39489,39188)(162468,-117953)(96103,-95037)(-197161,-222538)(144210,81663)(98569,3629)(206691,159117)(-127165,-142247)(156192,-165898)(197478,-205836)
25:
(-3688,-37853)(162468,-117953)(-151264,1312)(197478,-205836)(0,0)(-48127,3168)(-39489,39188)(-167794,9803)(-35443,-14130)(-16008,-477)(19383,-42895)(68039,-105857)(156192,-165898)(-12527,15549)(-227314,214714)(96103,-95037)(-2990,-84229)(-127165,-142247)(93803,-159921)(-197161,-222538)(238563,-229219)(144210,81663)(206436,159925)(97253,5321)(-130094,-79247)
25:
(96103,-95037)(-12527,15549)(-130094,-79247)(0,0)(144210,81663)(68039,-105857)(-151264,1312)(19383,-42895)(-3688,-37853)(93803,-159921)(-16008,-477)(206436,159925)(97253,5321)(-2990,-84229)(-35443,-14130)(-48127,3168)(162468,-117953)(-39489,39188)(-127165,-142247)(-167794,9803)(156192,-165898)(238563,-229219)(-161693,-177446)(-218206,224719)(194248,-203272)
25:
(-35443,-14130)(0,0)(-151264,1312)(193713,-201651)(-2990,-84229)(-48127,3168)(-201655,193707)(68039,-105857)(19383,-42895)(-3688,-37853)(-16008,-477)(93803,-159921)(160556,-169668)(-139685,-66681)(162468,-117953)(96103,-95037)(-44588,44249)(-188080,12292)(-131761,-155596)(-12527,15549)(165809,117469)(95831,19251)(193418,147653)(-183381,-213554)(238650,-227505)
25:
(19383,-42895)(-3688,-37853)(-201655,193707)(96103,-95037)(-35443,-14130)(-2990,-84229)(68039,-105857)(228672,-220110)(162468,-117953)(160556,-169668)(-16008,-477)(0,0)(93803,-159921)(-147667,435)(-12527,15549)(-185983,-213545)(-48127,3168)(-44588,44249)(193713,-201651)(135950,96032)(-139685,-66681)(174573,160951)(-139184,-159867)(88534,9629)(-169897,8320)
25:
(0,0)(-35443,-14130)(228672,-220110)(-16008,-477)(19383,-42895)(-139184,-159867)(-3688,-37853)(88534,9629)(135950,96032)(-147667,435)(-12527,15549)(174573,160951)(-139685,-66681)(68039,-105857)(-2990,-84229)(162468,-117953)(96103,-95037)(-48127,3168)(93803,-159921)(160556,-169668)(-44588,44249)(193713,-201651)(-191816,15970)(-207623,-226898)(-236679,225489)
25:
(68039,-105857)(-35443,-14130)(-48127,3168)(-147667,435)(-191816,15970)(96103,-95037)(-3688,-37853)(88534,9629)(-16008,-477)(0,0)(-12527,15549)(19383,-42895)(-236679,225489)(193713,-201651)(-2990,-84229)(93803,-159921)(162468,-117953)(-44588,44249)(-139685,-66681)(-207623,-226898)(135950,96032)(-139184,-159867)(201874,198849)(164865,-171769)(224025,-215178)
25:
(-44588,44249)(96103,-95037)(-16008,-477)(-12527,15549)(-35443,-14130)(-207623,-226898)(224025,-215178)(-48127,3168)(-3688,-37853)(93803,-159921)(0,0)(19383,-42895)(164865,-171769)(68039,-105857)(-2990,-84229)(193713,-201651)(162468,-117953)(-147667,435)(-139184,-159867)(88534,9629)(201874,198849)(-236679,225489)(97585,62826)(-128029,-74576)(-222744,22766)
25:
(0,0)(-147667,435)(-16008,-477)(96103,-95037)(-2990,-84229)(-3688,-37853)(68039,-105857)(-35443,-14130)(19383,-42895)(-12527,15549)(-128029,-74576)(-207623,-226898)(-48127,3168)(164865,-171769)(93803,-159921)(201874,198849)(224025,-215178)(-44588,44249)(162468,-117953)(193713,-201651)(-236679,225489)(88534,9629)(111815,65893)(-115307,-127670)(-220229,21100)
25:
(-12527,15549)(-207623,-226898)(19383,-42895)(-3688,-37853)(-147667,435)(-48127,3168)(-35443,-14130)(111815,65893)(164865,-171769)(-2990,-84229)(-16008,-477)(-44588,44249)(-220229,21100)(68039,-105857)(93803,-159921)(193713,-201651)(0,0)(-115307,-127670)(-236679,225489)(-128029,-74576)(96103,-95037)(224025,-215178)(148137,-90047)(192296,177773)(100084,18259)
25:
(-35443,-14130)(-3688,-37853)(-16008,-477)(68039,-105857)(164865,-171769)(0,0)(93803,-159921)(-48127,3168)(19383,-42895)(-128029,-74576)(224025,-215178)(111815,65893)(-2990,-84229)(-44588,44249)(-12527,15549)(100084,18259)(-147667,435)(-115307,-127670)(-220229,21100)(-207623,-226898)(96103,-95037)(-236679,225489)(158653,-112821)(153518,130369)(189320,-197012)
25:
(93803,-159921)(100084,18259)(-147667,435)(19383,-42895)(158653,-112821)(-48127,3168)(-12527,15549)(-16008,-477)(-3688,-37853)(0,0)(-2990,-84229)(153518,130369)(-44588,44249)(-35443,-14130)(111815,65893)(68039,-105857)(-128029,-74576)(96103,-95037)(-236679,225489)(-207623,-226898)(224025,-215178)(164865,-171769)(-120458,-133802)(-217713,22028)(198131,-203675)
25:
(162468,-117953)(-16008,-477)(-158899,-181597)(193191,-203133)(-3688,-37853)(19383,-42895)(68039,-105857)(-39489,39188)(-142419,-165044)(-2990,-84229)(-35443,-14130)(96103,-95037)(0,0)(-227314,214714)(93803,-159921)(-12527,15549)(193319,144326)(-48127,3168)(-129255,-63710)(-151264,1312)(163695,107314)(160610,-170914)(-171156,10492)(226830,-218140)(97193,3453)
25:
(-227314,214714)(-2990,-84229)(19383,-42895)(-12527,15549)(-48127,3168)(197478,-205836)(68039,-105857)(-35443,-14130)(96103,-95037)(-127165,-142247)(93803,-159921)(-3688,-37853)(-16008,-477)(162468,-117953)(-130094,-79247)(0,0)(-39489,39188)(-151264,1312)(206436,159925)(156192,-165898)(97253,5321)(-146739,-163563)(141267,92817)(-168833,9636)(224215,-218900)
25:
(-3688,-37853)(-2990,-84229)(68039,-105857)(162468,-117953)(-167794,9803)(-39489,39188)(-48127,3168)(19383,-42895)(-16008,-477)(-35443,-14130)(0,0)(-151264,1312)(-161693,-177446)(-218206,224719)(-12527,15549)(93803,-159921)(-127165,-142247)(144210,81663)(96103,-95037)(238563,-229219)(156192,-165898)(205554,162090)(90034,8987)(-131881,-79669)(201807,-207403)
25:
(-16008,-477)(205554,162090)(19383,-42895)(-48127,3168)(-3688,-37853)(93803,-159921)(201807,-207403)(-218206,224719)(-12527,15549)(68039,-105857)(-2990,-84229)(156192,-165898)(0,0)(96103,-95037)(-35443,-14130)(-39489,39188)(-161693,-177446)(-127165,-142247)(144210,81663)(-151264,1312)(162468,-117953)(-131881,-79669)(-185027,18275)(99190,15527)(223800,-217144)
25:
(-151264,1312)(-3688,-37853)(-48127,3168)(-16008,-477)(-216030,21297)(0,0)(98569,3629)(-35443,-14130)(144210,81663)(19383,-42895)(96103,-95037)(93803,-159921)(162468,-117953)(-2990,-84229)(68039,-105857)(-197161,-222538)(-138741,-162615)(-12527,15549)(238563,-229219)(156177,-164731)(-39489,39188)(-121808,-72433)(216517,191600)(205338,-212239)(-235863,211576)
25:
(-16008,-477)(19383,-42895)(-35443,-14130)(165809,117469)(-12527,15549)(68039,-105857)(93803,-159921)(96103,-95037)(193713,-201651)(-3688,-37853)(0,0)(-2990,-84229)(-131761,-155596)(-48127,3168)(162468,-117953)(95831,19251)(-44588,44249)(-183381,-213554)(-188080,12292)(193418,147653)(-151264,1312)(-195741,182804)(-138511,-83236)(160442,-167415)(235437,-220062)
25:
(-35443,-14130)(96103,-95037)(88534,9629)(162468,-117953)(135950,96032)(19383,-42895)(-16008,-477)(0,0)(-3688,-37853)(-2990,-84229)(-12527,15549)(174573,160951)(-48127,3168)(193713,-201651)(-139184,-159867)(160556,-169668)(-44588,44249)(68039,-105857)(93803,-159921)(228672,-220110)(-139685,-66681)(-169501,14765)(-183170,-202011)(-160117,9205)(-230659,233518)
25:
(19383,-42895)(-3688,-37853)(96103,-95037)(-35443,-14130)(162468,-117953)(-39489,39188)(-2990,-84229)(68039,-105857)(0,0)(-167794,9803)(238563,-229219)(156192,-165898)(197478,-205836)(-16008,-477)(-48127,3168)(-139339,-165291)(-12527,15549)(97253,5321)(206436,159925)(-151264,1312)(141684,92419)(-173177,157179)(60661,-132267)(-193326,-219610)(-144514,-58967)
25:
(-3688,-37853)(-151264,1312)(-35443,-14130)(93803,-159921)(96103,-95037)(-12527,15549)(97253,5321)(-39489,39188)(-2990,-84229)(19383,-42895)(-16008,-477)(0,0)(162468,-117953)(-48127,3168)(-127165,-142247)(206436,159925)(68039,-105857)(-168833,9636)(-227314,214714)(-146739,-163563)(156192,-165898)(158339,105800)(195882,-205092)(-138006,-68917)(233379,-226722)
25:
(158339,105800)(-168833,9636)(19383,-42895)(-3688,-37853)(-39489,39188)(96103,-95037)(-16008,-477)(0,0)(195882,-205092)(-2990,-84229)(-35443,-14130)(206436,159925)(-12527,15549)(156192,-165898)(68039,-105857)(-48127,3168)(-138006,-68917)(162468,-117953)(93803,-159921)(-151264,1312)(-227314,214714)(233379,-226722)(-204530,-207951)(89011,13735)(-136816,-145518)
25:
(19383,-42895)(-48127,3168)(-3688,-37853)(0,0)(-16008,-477)(-12527,15549)(-2990,-84229)(-39489,39188)(96103,-95037)(-35443,-14130)(206436,159925)(233379,-226722)(-168833,9636)(68039,-105857)(-136816,-145518)(93803,-159921)(158339,105800)(-151264,1312)(-138006,-68917)(89011,13735)(162468,-117953)(156192,-165898)(-205741,213519)(-203328,-212019)(200534,-209556)
25:
(-48127,3168)(0,0)(19383,-42895)(68039,-105857)(99190,15527)(93803,-159921)(-131881,-79669)(-12527,15549)(-3688,-37853)(144210,81663)(-16008,-477)(96103,-95037)(205554,162090)(-2990,-84229)(-35443,-14130)(223800,-217144)(162468,-117953)(156192,-165898)(-39489,39188)(201807,-207403)(-161693,-177446)(-202390,208279)(-141882,-159211)(-146356,812)(-175209,12771)
25:
(-35443,-14130)(68039,-105857)(-48127,3168)(93803,-159921)(-12527,15549)(223800,-217144)(96103,-95037)(-146356,812)(-2990,-84229)(-3688,-37853)(19383,-42895)(156192,-165898)(201807,-207403)(-16008,-477)(0,0)(-141882,-159211)(144210,81663)(162468,-117953)(-131881,-79669)(99190,15527)(-175209,12771)(-39489,39188)(219711,144677)(-188543,-217796)(-205602,211471)
25:
(0,0)(-12527,15549)(68039,-105857)(19383,-42895)(-16008,-477)(-3688,-37853)(-48127,3168)(-205602,211471)(201807,-207403)(-39489,39188)(162468,-117953)(144210,81663)(93803,-159921)(-141882,-159211)(-2990,-84229)(-35443,-14130)(-146356,812)(96103,-95037)(156192,-165898)(223800,-217144)(-188543,-217796)(-131881,-79669)(211386,166563)(-189926,15804)(98383,9858)
25:
(-16008,-477)(-48127,3168)(-127165,-142247)(162468,-117953)(156192,-165898)(0,0)(-3688,-37853)(19383,-42895)(-39489,39188)(68039,-105857)(-214094,222458)(-2990,-84229)(-12527,15549)(96103,-95037)(93803,-159921)(144210,81663)(201807,-207403)(-161693,-177446)(-35443,-14130)(-131881,-79669)(223800,-217144)(207190,164526)(-154785,5741)(-170651,14371)(98243,5124)
25:
(-127165,-142247)(0,0)(-3688,-37853)(-12527,15549)(156192,-165898)(19383,-42895)(162468,-117953)(-2990,-84229)(68039,-105857)(-16008,-477)(-39489,39188)(-48127,3168)(-214094,222458)(207190,164526)(-35443,-14130)(-154785,5741)(-161693,-177446)(93803,-159921)(-131881,-79669)(-170651,14371)(201807,-207403)(96103,-95037)(96095,8766)(137618,88705)(233534,-226278)
25:
(-48127,3168)(93803,-159921)(-35443,-14130)(-16008,-477)(19383,-42895)(96103,-95037)(-3688,-37853)(207190,164526)(0,0)(96095,8766)(-12527,15549)(137618,88705)(162468,-117953)(68039,-105857)(-39489,39188)(-154785,5741)(-170651,14371)(-2990,-84229)(-214094,222458)(156192,-165898)(-131881,-79669)(-127165,-142247)(-186947,-207401)(220152,-211212)(185076,-196483)
25:
(96103,-95037)(-48127,3168)(19383,-42895)(0,0)(68039,-105857)(162468,-117953)(-2990,-84229)(-12527,15549)(96095,8766)(185076,-196483)(156192,-165898)(220152,-211212)(137618,88705)(-16008,-477)(-214094,222458)(-3688,-37853)(-39489,39188)(-131881,-79669)(207190,164526)(-35443,-14130)(-154785,5741)(93803,-159921)(-153276,-219996)(-184041,17648)(-110194,-163648)
25:
(-16008,-477)(-12527,15549)(19383,-42895)(-48127,3168)(-3688,-37853)(-151264,1312)(-35443,-14130)(-179516,11547)(168360,102763)(96103,-95037)(0,0)(68039,-105857)(229074,-222868)(-44588,44249)(160556,-169668)(-216773,208550)(-2990,-84229)(162468,-117953)(196354,-205975)(-142397,-86691)(98569,3629)(69389,-145586)(-206434,-206347)(-141248,-151179)(237921,162108)
25:
(229074,-222868)(162468,-117953)(98569,3629)(-2990,-84229)(-216773,208550)(160556,-169668)(-12527,15549)(19383,-42895)(0,0)(96103,-95037)(237921,162108)(-16008,-477)(-35443,-14130)(-44588,44249)(-48127,3168)(-3688,-37853)(68039,-105857)(196354,-205975)(-141248,-151179)(69389,-145586)(168360,102763)(-151264,1312)(-132304,-75290)(-161079,-167672)(-176877,15369)
25:
(160556,-169668)(-16008,-477)(-161079,-167672)(68039,-105857)(96103,-95037)(-35443,-14130)(-2990,-84229)(-3688,-37853)(98569,3629)(19383,-42895)(-151264,1312)(-44588,44249)(0,0)(-48127,3168)(-176877,15369)(-216773,208550)(69389,-145586)(-12527,15549)(162468,-117953)(168360,102763)(237921,162108)(196354,-205975)(-129519,-139923)(-139435,-48435)(224706,-219888)
25:
(-151264,1312)(-131761,-155596)(0,0)(19383,-42895)(-2990,-84229)(96103,-95037)(-3688,-37853)(-35443,-14130)(68039,-105857)(235437,-220062)(162468,-117953)(-16008,-477)(-188080,12292)(93803,-159921)(165809,117469)(-138511,-83236)(-183381,-213554)(-44588,44249)(160442,-167415)(-48127,3168)(-195741,182804)(-13303,16522)(92553,11001)(215969,176723)(192261,-197559)
25:
(-2990,-84229)(-3688,-37853)(19383,-42895)(-12527,15549)(-16008,-477)(-48127,3168)(-169501,14765)(-35443,-14130)(-183170,-202011)(0,0)(135950,96032)(-44588,44249)(174573,160951)(68039,-105857)(96103,-95037)(93803,-159921)(-139184,-159867)(193713,-201651)(160556,-169668)(-160117,9205)(162468,-117953)(-182256,182037)(99202,10014)(226490,-215617)(-151482,-60308)
25:
(160556,-169668)(19383,-42895)(193713,-201651)(-3688,-37853)(68039,-105857)(-35443,-14130)(-48127,3168)(-151482,-60308)(-160117,9205)(-16008,-477)(-169501,14765)(174573,160951)(-2990,-84229)(-12527,15549)(93803,-159921)(0,0)(162468,-117953)(96103,-95037)(99202,10014)(-139184,-159867)(-44588,44249)(-182256,182037)(108554,81331)(-177711,-203331)(226104,-217417)
25:
(-3688,-37853)(-44588,44249)(96103,-95037)(-35443,-14130)(93803,-159921)(19383,-42895)(0,0)(-2990,-84229)(-16008,-477)(-48127,3168)(99202,10014)(68039,-105857)(-12527,15549)(-151482,-60308)(193713,-201651)(-177711,-203331)(108554,81331)(-160117,9205)(160556,-169668)(162468,-117953)(-139184,-159867)(174573,160951)(-182678,17091)(-210599,205879)(236984,-225315)
25:
(0,0)(-2990,-84229)(-35443,-14130)(-3688,-37853)(68039,-105857)(162371,-171678)(19383,-42895)(-16008,-477)(100084,18259)(224025,-215178)(96103,-95037)(111815,65893)(93803,-159921)(-48127,3168)(158653,-112821)(-128029,-74576)(-159089,-187626)(-147667,435)(-115307,-127670)(153518,130369)(-12527,15549)(-36922,39707)(185910,-196769)(-205119,206870)(-179661,17519)
25:
(68039,-105857)(-16008,-477)(100084,18259)(-2990,-84229)(0,0)(19383,-42895)(-147667,435)(-36922,39707)(-35443,-14130)(-3688,-37853)(-48127,3168)(-128029,-74576)(162371,-171678)(93803,-159921)(-12527,15549)(96103,-95037)(-115307,-127670)(224025,-215178)(185910,-196769)(-159089,-187626)(-205119,206870)(158653,-112821)(156477,111651)(-180635,10680)(121174,75516)
25:
(96103,-95037)(-3688,-37853)(-48127,3168)(19383,-42895)(100084,18259)(224025,-215178)(158653,-112821)(185910,-196769)(162371,-171678)(68039,-105857)(-2990,-84229)(0,0)(121174,75516)(-16008,-477)(-12527,15549)(-128029,-74576)(93803,-159921)(-36922,39707)(-205119,206870)(-35443,-14130)(-147667,435)(-115307,-127670)(155166,165343)(-181532,-195033)(-178525,10889)
25:
(96103,-95037)(-181532,-195033)(-48127,3168)(-3688,-37853)(-16008,-477)(68039,-105857)(121174,75516)(-35443,-14130)(-147667,435)(0,0)(-36922,39707)(19383,-42895)(-2990,-84229)(224025,-215178)(158653,-112821)(162371,-171678)(-12527,15549)(185910,-196769)(-205119,206870)(100084,18259)(93803,-159921)(155166,165343)(-118615,-124622)(-127782,-76974)(-171863,11590)
25:
(19383,-42895)(206436,159925)(195882,-205092)(-16008,-477)(156192,-165898)(-3688,-37853)(-168833,9636)(-39489,39188)(-227314,214714)(-35443,-14130)(-2990,-84229)(162468,-117953)(0,0)(-127165,-142247)(-48127,3168)(68039,-105857)(93803,-159921)(-12527,15549)(96103,-95037)(97253,5321)(-151264,1312)(119035,81631)(-143458,-160580)(-137778,-64050)(230864,-221308)
25:
(-3688,-37853)(156192,-165898)(-2990,-84229)(-151264,1312)(0,0)(-146739,-163563)(233379,-226722)(19383,-42895)(195882,-205092)(-39489,39188)(-35443,-14130)(96103,-95037)(-16008,-477)(162468,-117953)(97253,5321)(-48127,3168)(-12527,15549)(-227314,214714)(68039,-105857)(158339,105800)(93803,-159921)(207175,152062)(-147585,-89094)(-196941,-210720)(-189166,17257)
25:
(-35443,-14130)(195882,-205092)(-16008,-477)(19383,-42895)(-2990,-84229)(68039,-105857)(96103,-95037)(-3688,-37853)(162468,-117953)(-48127,3168)(-151264,1312)(-189166,17257)(-39489,39188)(0,0)(-12527,15549)(-146739,-163563)(158339,105800)(97253,5321)(-227314,214714)(93803,-159921)(207175,152062)(156192,-165898)(-146207,-76209)(-199734,-220450)(231360,-224271)
25:
(93803,-159921)(162468,-117953)(156192,-165898)(-136816,-145518)(96103,-95037)(68039,-105857)(206436,159925)(-16008,-477)(0,0)(233379,-226722)(19383,-42895)(-3688,-37853)(-12527,15549)(-2990,-84229)(-35443,-14130)(158339,105800)(-39489,39188)(-48127,3168)(195882,-205092)(-227314,214714)(-138006,-68917)(-208306,-209951)(95351,4313)(-145026,-5070)(-171845,2798)
25:
(162468,-117953)(-35443,-14130)(-203328,-212019)(158339,105800)(93803,-159921)(-136816,-145518)(-138006,-68917)(68039,-105857)(-2990,-84229)(19383,-42895)(-3688,-37853)(-16008,-477)(96103,-95037)(-48127,3168)(233379,-226722)(0,0)(-151264,1312)(-12527,15549)(156192,-165898)(-39489,39188)(-168833,9636)(-203791,192412)(92076,9613)(222309,163806)(203678,-212252)
25:
(19383,-42895)(144210,81663)(-3688,-37853)(-161693,-177446)(-39489,39188)(93803,-159921)(162468,-117953)(-12527,15549)(-202390,208279)(-16008,-477)(-35443,-14130)(-2990,-84229)(68039,-105857)(0,0)(-48127,3168)(-146356,812)(96103,-95037)(156192,-165898)(201807,-207403)(205554,162090)(99190,15527)(-130765,-74854)(-166905,12443)(-137791,-151666)(222074,-217651)
25:
(-3688,-37853)(211386,166563)(-188543,-217796)(156192,-165898)(-12527,15549)(96103,-95037)(144210,81663)(0,0)(223800,-217144)(-16008,-477)(19383,-42895)(-35443,-14130)(68039,-105857)(-2990,-84229)(-48127,3168)(-39489,39188)(162468,-117953)(93803,-159921)(-205602,211471)(-141882,-159211)(-131881,-79669)(192872,-200024)(97204,7725)(-148303,1193)(-172402,9246)
25:
(19383,-42895)(-35443,-14130)(192872,-200024)(-3688,-37853)(-2990,-84229)(-16008,-477)(68039,-105857)(0,0)(93803,-159921)(-148303,1193)(-205602,211471)(-48127,3168)(156192,-165898)(-12527,15549)(144210,81663)(-39489,39188)(-131881,-79669)(-188543,-217796)(96103,-95037)(223800,-217144)(162468,-117953)(-141882,-159211)(206228,177021)(-182482,14024)(98426,4626)
25:
(-39489,39188)(-3688,-37853)(93803,-159921)(156192,-165898)(19383,-42895)(-16008,-477)(96103,-95037)(223800,-217144)(206228,177021)(68039,-105857)(0,0)(162468,-117953)(-2990,-84229)(98426,4626)(192872,-200024)(-35443,-14130)(-12527,15549)(144210,81663)(-188543,-217796)(-148303,1193)(-48127,3168)(-205602,211471)(-164152,-193902)(-149690,-77618)(-183006,17791)
25:
(-3688,-37853)(-12527,15549)(-2990,-84229)(-164152,-193902)(-35443,-14130)(19383,-42895)(156192,-165898)(-16008,-477)(-188543,-217796)(0,0)(96103,-95037)(144210,81663)(206228,177021)(-205602,211471)(-39489,39188)(-48127,3168)(-149690,-77618)(98426,4626)(68039,-105857)(162468,-117953)(-148303,1193)(93803,-159921)(183811,-192903)(-191549,17900)(234436,-225688)
25:
(0,0)(-2990,-84229)(-12527,15549)(19383,-42895)(156192,-165898)(-16008,-477)(-35443,-14130)(201807,-207403)(-3688,-37853)(68039,-105857)(98243,5124)(93803,-159921)(96103,-95037)(-214094,222458)(-131881,-79669)(-39489,39188)(207190,164526)(162468,-117953)(-48127,3168)(-154785,5741)(-170651,14371)(-143920,-156198)(-182910,-197497)(136211,75126)(233812,-226279)
25:
(156192,-165898)(-214094,222458)(0,0)(68039,-105857)(207190,164526)(19383,-42895)(93803,-159921)(-16008,-477)(-12527,15549)(-3688,-37853)(-35443,-14130)(-2990,-84229)(-131881,-79669)(-143920,-156198)(-48127,3168)(-39489,39188)(201807,-207403)(96103,-95037)(136211,75126)(162468,-117953)(98243,5124)(-154785,5741)(-187046,16918)(-189357,-213054)(231688,-222353)
25:
(-3688,-37853)(-35443,-14130)(162468,-117953)(0,0)(-16008,-477)(-12527,15549)(-48127,3168)(136211,75126)(-2990,-84229)(-189357,-213054)(201807,-207403)(-39489,39188)(19383,-42895)(68039,-105857)(96103,-95037)(93803,-159921)(207190,164526)(-214094,222458)(156192,-165898)(-154785,5741)(98243,5124)(-187046,16918)(-160979,-182946)(-150663,-77159)(233922,-222368)
25:
(162468,-117953)(-154785,5741)(-189357,-213054)(19383,-42895)(96103,-95037)(-3688,-37853)(233922,-222368)(0,0)(-48127,3168)(-2990,-84229)(68039,-105857)(-35443,-14130)(-187046,16918)(-16008,-477)(-160979,-182946)(-12527,15549)(-39489,39188)(136211,75126)(-150663,-77159)(93803,-159921)(-214094,222458)(156192,-165898)(217921,172200)(89694,11020)(195217,-203407)
25:
(68039,-105857)(-151264,1312)(98569,3629)(-16008,-477)(-12527,15549)(-35443,-14130)(0,0)(162468,-117953)(-3688,-37853)(19383,-42895)(-48127,3168)(-141248,-151179)(229074,-222868)(-2990,-84229)(-206434,-206347)(96103,-95037)(-216773,208550)(69389,-145586)(160556,-169668)(-44588,44249)(237921,162108)(148266,92206)(-131696,-60618)(-190714,14703)(200443,-208407)
25:
(-3688,-37853)(-2990,-84229)(0,0)(-35443,-14130)(19383,-42895)(160556,-169668)(-151264,1312)(148266,92206)(-141248,-151179)(96103,-95037)(162468,-117953)(68039,-105857)(-16008,-477)(-12527,15549)(-206434,-206347)(-190714,14703)(-48127,3168)(-131696,-60618)(-44588,44249)(69389,-145586)(229074,-222868)(98569,3629)(-218339,202234)(196651,-205369)(239265,164312)
25:
(0,0)(-12527,15549)(98569,3629)(162468,-117953)(-35443,-14130)(160556,-169668)(-16008,-477)(19383,-42895)(96103,-95037)(-3688,-37853)(196651,-205369)(-44588,44249)(148266,92206)(-218339,202234)(229074,-222868)(-151264,1312)(-48127,3168)(-2990,-84229)(68039,-105857)(239265,164312)(-190714,14703)(-131696,-60618)(83414,-151170)(-187643,-206111)(-124049,-129618)
25:
(-16008,-477)(0,0)(196651,-205369)(96103,-95037)(68039,-105857)(229074,-222868)(19383,-42895)(148266,92206)(160556,-169668)(83414,-151170)(-151264,1312)(-3688,-37853)(-2990,-84229)(-35443,-14130)(-44588,44249)(-131696,-60618)(-124049,-129618)(-187643,-206111)(162468,-117953)(-218339,202234)(-48127,3168)(-12527,15549)(207122,154506)(103227,10669)(-196100,15620)
25:
(-12527,15549)(19383,-42895)(-131696,-60618)(-48127,3168)(-16008,-477)(-35443,-14130)(0,0)(83414,-151170)(103227,10669)(-3688,-37853)(160556,-169668)(-218339,202234)(-2990,-84229)(68039,-105857)(96103,-95037)(-187643,-206111)(162468,-117953)(-44588,44249)(148266,92206)(-124049,-129618)(207122,154506)(196651,-205369)(-150366,2608)(219662,-216996)(-192040,19499)
25:
(-44588,44249)(-3688,-37853)(207122,154506)(19383,-42895)(-187643,-206111)(83414,-151170)(0,0)(-35443,-14130)(-150366,2608)(160556,-169668)(-16008,-477)(-2990,-84229)(-131696,-60618)(68039,-105857)(-218339,202234)(96103,-95037)(196651,-205369)(162468,-117953)(-48127,3168)(-12527,15549)(103227,10669)(-124049,-129618)(140131,81434)(-190780,16335)(238271,-226150)
25:
(-132304,-75290)(160556,-169668)(96103,-95037)(19383,-42895)(-2990,-84229)(-12527,15549)(-16008,-477)(68039,-105857)(-3688,-37853)(168360,102763)(-216773,208550)(69389,-145586)(229074,-222868)(0,0)(162468,-117953)(-48127,3168)(-35443,-14130)(-141248,-151179)(-151264,1312)(-44588,44249)(-161079,-167672)(107873,5814)(179721,-189366)(-172655,11223)(233971,157686)
25:
(-147667,435)(-35443,-14130)(-205119,206870)(-115307,-127670)(-12527,15549)(68039,-105857)(-16008,-477)(-36922,39707)(0,0)(-181532,-195033)(-3688,-37853)(19383,-42895)(-2990,-84229)(-48127,3168)(155166,165343)(-128029,-74576)(93803,-159921)(96103,-95037)(185910,-196769)(158653,-112821)(100084,18259)(112972,70995)(-192692,17297)(168375,-178004)(218215,-215211)
25:
(-151264,1312)(0,0)(162468,-117953)(19383,-42895)(-3688,-37853)(-16008,-477)(158339,105800)(96103,-95037)(-2990,-84229)(233379,-226722)(-39489,39188)(-12527,15549)(-35443,-14130)(-146739,-163563)(-48127,3168)(156192,-165898)(-227314,214714)(97253,5321)(68039,-105857)(93803,-159921)(-147585,-89094)(202229,177235)(-161355,-181278)(-168746,7873)(199044,-208832)
25:
(68039,-105857)(-3688,-37853)(93803,-159921)(-227314,214714)(162468,-117953)(-35443,-14130)(0,0)(96103,-95037)(19383,-42895)(207175,152062)(-147585,-89094)(-2990,-84229)(97253,5321)(156192,-165898)(-16008,-477)(-12527,15549)(233379,-226722)(-48127,3168)(-39489,39188)(-196941,-210720)(158339,105800)(-158535,10820)(183226,-194610)(-134588,-2971)(-163916,-180552)
25:
(96103,-95037)(-12527,15549)(-2990,-84229)(162468,-117953)(0,0)(206436,159925)(158339,105800)(-138006,-68917)(156192,-165898)(-16008,-477)(68039,-105857)(-48127,3168)(195882,-205092)(19383,-42895)(95351,4313)(-3688,-37853)(-39489,39188)(93803,-159921)(-227314,214714)(-35443,-14130)(-136816,-145518)(-164253,-169872)(-148839,-104)(-184830,12467)(232343,-222004)
25:
(156192,-165898)(0,0)(19383,-42895)(-35443,-14130)(-138006,-68917)(-227314,214714)(232343,-222004)(-2990,-84229)(93803,-159921)(-3688,-37853)(-48127,3168)(-16008,-477)(-136816,-145518)(-12527,15549)(-39489,39188)(158339,105800)(68039,-105857)(96103,-95037)(162468,-117953)(-148839,-104)(195882,-205092)(95351,4313)(203190,144312)(-185085,-186799)(-201930,15930)
25:
(162468,-117953)(-16008,-477)(0,0)(-2990,-84229)(-35443,-14130)(-148839,-104)(-138006,-68917)(-3688,-37853)(-201930,15930)(19383,-42895)(95351,4313)(-48127,3168)(68039,-105857)(96103,-95037)(-12527,15549)(158339,105800)(-136816,-145518)(93803,-159921)(156192,-165898)(-39489,39188)(203190,144312)(-185085,-186799)(218328,-213838)(-222569,205962)(195012,-203569)
25:
(-3688,-37853)(-12527,15549)(19383,-42895)(-201930,15930)(-35443,-14130)(-48127,3168)(93803,-159921)(-16008,-477)(-2990,-84229)(96103,-95037)(95351,4313)(68039,-105857)(-136816,-145518)(218328,-213838)(0,0)(162468,-117953)(-148839,-104)(156192,-165898)(203190,144312)(-39489,39188)(-185085,-186799)(-222569,205962)(169288,113912)(-142232,-77575)(187520,-198021)
25:
(68039,-105857)(233379,-226722)(-48127,3168)(0,0)(-16008,-477)(-203791,192412)(-39489,39188)(-35443,-14130)(19383,-42895)(-3688,-37853)(93803,-159921)(96103,-95037)(-2990,-84229)(-12527,15549)(-151264,1312)(-203328,-212019)(156192,-165898)(-168833,9636)(92076,9613)(222309,163806)(-138006,-68917)(161734,-127380)(152890,91522)(-134073,-143071)(192855,-203410)
25:
(-134073,-143071)(-35443,-14130)(233379,-226722)(96103,-95037)(19383,-42895)(-39489,39188)(0,0)(161734,-127380)(-16008,-477)(-12527,15549)(-3688,-37853)(93803,-159921)(222309,163806)(-48127,3168)(68039,-105857)(-2990,-84229)(156192,-165898)(-138006,-68917)(-203328,-212019)(192855,-203410)(-151264,1312)(92076,9613)(-159472,4678)(-211263,214287)(177149,111663)
25:
(19383,-42895)(-2990,-84229)(93803,-159921)(177149,111663)(-39489,39188)(222309,163806)(-3688,-37853)(0,0)(-16008,-477)(-12527,15549)(92076,9613)(-48127,3168)(161734,-127380)(-35443,-14130)(96103,-95037)(68039,-105857)(192855,-203410)(-151264,1312)(-203328,-212019)(-211263,214287)(-159472,4678)(-138006,-68917)(-142667,-154659)(156128,-168784)(226733,-222420)
25:
(-3688,-37853)(93803,-159921)(-142667,-154659)(-2990,-84229)(-16008,-477)(161734,-127380)(-48127,3168)(19383,-42895)(-35443,-14130)(68039,-105857)(-138006,-68917)(0,0)(222309,163806)(-12527,15549)(226733,-222420)(-39489,39188)(-151264,1312)(96103,-95037)(-159472,4678)(177149,111663)(-203328,-212019)(156128,-168784)(-210280,215658)(92092,5200)(184638,-197237)
25:
(156192,-165898)(-16008,-477)(-39489,39188)(-203791,192412)(68039,-105857)(-48127,3168)(0,0)(19383,-42895)(233379,-226722)(96103,-95037)(-3688,-37853)(-12527,15549)(-2990,-84229)(162468,-117953)(203678,-212252)(-136816,-145518)(93803,-159921)(-35443,-14130)(222309,163806)(92076,9613)(158339,105800)(-136914,-73926)(-143465,2288)(-207271,-229933)(-177193,13847)
25:
(0,0)(-136914,-73926)(68039,-105857)(162468,-117953)(-3688,-37853)(-2990,-84229)(96103,-95037)(-12527,15549)(19383,-42895)(-35443,-14130)(-16008,-477)(92076,9613)(-136816,-145518)(-48127,3168)(233379,-226722)(93803,-159921)(-207271,-229933)(222309,163806)(-143465,2288)(156192,-165898)(-177193,13847)(-39489,39188)(-177083,172213)(140200,81878)(199810,-209306)
25:
(96103,-95037)(-48127,3168)(19383,-42895)(-177193,13847)(222309,163806)(-16008,-477)(0,0)(-12527,15549)(92076,9613)(233379,-226722)(-39489,39188)(-35443,-14130)(-3688,-37853)(-2990,-84229)(-136816,-145518)(68039,-105857)(162468,-117953)(156192,-165898)(93803,-159921)(-207271,-229933)(-143465,2288)(199810,-209306)(-139951,-57306)(-178327,162544)(134998,94502)
25:
(68039,-105857)(162468,-117953)(-3688,-37853)(-2990,-84229)(-136816,-145518)(19383,-42895)(233379,-226722)(-16008,-477)(-35443,-14130)(-143465,2288)(-48127,3168)(-12527,15549)(-177193,13847)(-39489,39188)(0,0)(93803,-159921)(96103,-95037)(-139951,-57306)(92076,9613)(156192,-165898)(-207271,-229933)(199810,-209306)(202374,182691)(-189408,186084)(141901,91318)
25:
(-48127,3168)(-16008,-477)(92076,9613)(233379,-226722)(-143465,2288)(-207271,-229933)(68039,-105857)(-39489,39188)(-12527,15549)(-35443,-14130)(19383,-42895)(0,0)(-3688,-37853)(202374,182691)(-2990,-84229)(162468,-117953)(96103,-95037)(156192,-165898)(93803,-159921)(141901,91318)(-136816,-145518)(-189408,186084)(-188246,15864)(-137511,-78987)(187280,-196646)
25:
(68039,-105857)(19383,-42895)(96103,-95037)(156192,-165898)(-48127,3168)(0,0)(-2990,-84229)(-39489,39188)(-3688,-37853)(-16008,-477)(-12527,15549)(-35443,-14130)(162468,-117953)(187280,-196646)(92076,9613)(233379,-226722)(-143465,2288)(-207271,-229933)(202374,182691)(93803,-159921)(141901,91318)(-137511,-78987)(-151715,-176225)(-206215,199415)(-156325,8952)
25:
(68039,-105857)(-2990,-84229)(-166905,12443)(-39489,39188)(-16008,-477)(-48127,3168)(0,0)(-3688,-37853)(19383,-42895)(-35443,-14130)(96103,-95037)(-12527,15549)(-146356,812)(-202390,208279)(201807,-207403)(205554,162090)(156192,-165898)(162468,-117953)(93803,-159921)(-137791,-151666)(-130765,-74854)(168478,110921)(-181979,-204712)(225831,-218208)(97120,11892)
25:
(-205602,211471)(-35443,-14130)(19383,-42895)(93803,-159921)(-3688,-37853)(-2990,-84229)(-12527,15549)(-16008,-477)(68039,-105857)(-148303,1193)(162468,-117953)(156192,-165898)(0,0)(-48127,3168)(-182482,14024)(96103,-95037)(-141882,-159211)(-39489,39188)(98426,4626)(192872,-200024)(-131881,-79669)(180782,106988)(-197673,-213852)(210472,131159)(216221,-210874)
